key-bin-checksum,tag-serial-number,start-timestamp,longitude,latitude,height-above-ellipsoid,type-of-fix,status,used-time-to-get-fix,timestamp-of-fix,battery-voltage,fix-battery-voltage,temperature,speed-over-ground,heading-degree,speed-accuracy-estimate,horizontal-accuracy-estimate,dop,satellite-count,barometric-pressure,quat-w-raw,quat-x-raw,quat-y-raw,quat-z-raw,magnetic-field-x-raw,magnetic-field-y-raw,magnetic-field-z-raw,data-decoding-software
2451465981,9229,2021-05-10 05:30:01.000,8.9591637,47.4929698,532.4,3,A,11,2021-05-10 05:30:13.000,3953,3930,4,0.63,144.83,1.06,9.47,3.0,5,0.00,,,,,,,,13
2509089096,9229,2021-05-23 08:46:14.000,8.9364657,47.4847719,657.0,3,A,146,2021-05-23 08:48:41.000,3985,3939,-6,0.38,0.00,1.11,20.22,2.6,6,0.00,,,,,,,,13
0033613869,9229,2021-05-23 09:00:01.000,8.9363553,47.4848065,662.8,3,A,81,2021-05-23 09:01:23.000,3983,3944,-2,0.32,0.00,2.71,35.07,2.7,5,0.00,,,,,,,,13
4089637158,9229,2021-05-23 09:15:01.000,8.9364035,47.4847917,655.3,3,A,23,2021-05-23 09:15:25.000,3980,3953,1,0.66,212.34,3.05,39.17,4.5,5,0.00,,,,,,,,13
4283476352,9229,2021-05-23 09:30:00.000,,,,0,D,150,,3983,3948,1,,,,,,,0.00,,,,,,,,13
0810952711,9229,2021-05-23 09:45:00.000,,,,0,D,150,,3978,3936,2,,,,,,,0.00,,,,,,,,13
1943646076,9229,2021-05-23 10:00:00.000,,,,0,D,150,,3974,3935,3,,,,,,,0.00,,,,,,,,13
3275504785,9229,2021-05-23 10:15:00.000,,,,0,D,150,,3973,3934,4,,,,,,,0.00,,,,,,,,13
0434556362,9229,2021-05-23 10:30:00.000,,,,0,D,150,,3968,3936,5,,,,,,,0.00,,,,,,,,13
1222593347,9229,2021-05-23 10:45:00.000,,,,0,D,151,,3963,3928,6,,,,,,,0.00,,,,,,,,13
2448217364,9229,2021-05-23 11:00:00.000,,,,0,D,150,,3963,3927,7,,,,,,,0.00,,,,,,,,13
3616890285,9229,2021-05-23 11:15:00.000,,,,0,D,150,,3958,3925,7,,,,,,,0.00,,,,,,,,13
0328786380,9229,2021-05-23 11:30:00.000,,,,0,D,150,,3956,3922,7,,,,,,,0.00,,,,,,,,13
1661431529,9229,2021-05-23 11:45:00.000,,,,0,D,150,,3953,3925,8,,,,,,,0.00,,,,,,,,13
2595418318,9229,2021-05-23 12:00:00.000,,,,0,D,151,,3953,3916,8,,,,,,,0.00,,,,,,,,13
3513283013,9229,2021-05-23 12:15:00.000,,,,0,D,150,,3946,3916,8,,,,,,,0.00,,,,,,,,13
0244708864,9229,2021-05-23 12:30:00.000,,,,0,D,150,,3944,3911,8,,,,,,,0.00,,,,,,,,13
1216248089,9229,2021-05-23 12:45:00.000,,,,0,D,150,,3941,3906,8,,,,,,,0.00,,,,,,,,13
2278293098,9229,2021-05-23 13:00:00.000,,,,0,D,150,,3939,3903,8,,,,,,,0.00,,,,,,,,13
3067902963,9229,2021-05-23 13:15:00.000,,,,0,D,151,,3934,3896,8,,,,,,,0.00,,,,,,,,13
4166582885,9229,2021-05-23 13:30:00.000,,,,0,D,150,,3930,3901,8,,,,,,,0.00,,,,,,,,13
0899122869,9229,2021-05-23 13:45:00.000,,,,0,D,150,,3930,3896,8,,,,,,,0.00,,,,,,,,13
1761609327,9229,2021-05-23 14:00:00.000,,,,0,D,150,,3925,3889,8,,,,,,,0.00,,,,,,,,13
2895220215,9229,2021-05-23 14:15:00.000,,,,0,D,150,,3923,3891,8,,,,,,,0.00,,,,,,,,13
3685878657,9229,2021-05-23 14:30:00.000,,,,0,D,151,,3920,3879,8,,,,,,,0.00,,,,,,,,13
0274762609,9229,2021-05-23 14:45:00.000,,,,0,D,150,,3916,3876,8,,,,,,,0.00,,,,,,,,13
1515525683,9229,2021-05-23 15:00:00.000,,,,0,D,150,,3916,3876,8,,,,,,,0.00,,,,,,,,13
2377815539,9229,2021-05-23 15:15:00.000,,,,0,D,150,,3908,3876,8,,,,,,,0.00,,,,,,,,13
3205567649,9229,2021-05-23 15:30:00.000,,,,0,D,150,,3906,3867,8,,,,,,,0.00,,,,,,,,13
4158035617,9229,2021-05-23 15:45:00.000,,,,0,D,151,,3901,3862,8,,,,,,,0.00,,,,,,,,13
0763107213,9229,2021-05-23 16:00:01.000,,,,0,D,150,,3896,3858,8,,,,,,,0.00,,,,,,,,13
1574671679,9229,2021-05-23 16:15:01.000,,,,0,D,150,,3894,3853,8,,,,,,,0.00,,,,,,,,13
2706709689,9229,2021-05-23 16:30:01.000,,,,0,D,150,,3889,3858,8,,,,,,,0.00,,,,,,,,13
3497564739,9229,2021-05-23 16:45:01.000,,,,0,D,150,,3884,3848,8,,,,,,,0.00,,,,,,,,13
0172105031,9229,2021-05-23 17:00:01.000,,,,0,D,151,,3879,3841,8,,,,,,,0.00,,,,,,,,13
0893098165,9229,2021-05-23 17:15:00.000,,,,0,D,150,,3876,3839,7,,,,,,,0.00,,,,,,,,13
1773934729,9229,2021-05-23 17:30:00.000,,,,0,D,150,,3869,3839,7,,,,,,,0.00,,,,,,,,13
2673711463,9229,2021-05-23 17:45:00.000,,,,0,D,150,,3867,3831,7,,,,,,,0.00,,,,,,,,13
3536591151,9229,2021-05-23 18:00:00.000,,,,0,D,150,,3862,3829,7,,,,,,,0.00,,,,,,,,13
0267165025,9229,2021-05-23 18:15:00.000,,,,0,D,151,,3858,3824,7,,,,,,,0.00,,,,,,,,13
1188241017,9229,2021-05-23 18:30:01.000,,,,0,D,150,,3858,3822,6,,,,,,,0.00,,,,,,,,13
2196152995,9229,2021-05-23 18:45:01.000,,,,0,D,150,,3853,3824,6,,,,,,,0.00,,,,,,,,13
2807241407,9229,2021-05-23 19:00:01.000,,,,0,D,150,,3848,3812,5,,,,,,,0.00,,,,,,,,13
4156532943,9229,2021-05-23 19:15:00.000,,,,0,D,150,,3848,3819,6,,,,,,,0.00,,,,,,,,13
0815278813,9229,2021-05-23 19:30:00.000,,,,0,D,151,,3845,3811,5,,,,,,,0.00,,,,,,,,13
1806806539,9229,2021-05-23 19:45:00.000,,,,0,D,150,,3841,3809,5,,,,,,,0.00,,,,,,,,13
2527209855,9229,2021-05-23 20:00:00.000,,,,0,D,150,,3840,3802,5,,,,,,,0.00,,,,,,,,13
3626479605,9229,2021-05-23 20:15:00.000,,,,0,D,150,,3839,3802,5,,,,,,,0.00,,,,,,,,13
0465778565,9229,2021-05-23 20:30:00.000,,,,0,D,150,,3839,3802,5,,,,,,,0.00,,,,,,,,13
1508031671,9229,2021-05-23 20:45:00.000,,,,0,D,151,,3834,3800,4,,,,,,,0.00,,,,,,,,13
2606514993,9229,2021-05-23 21:00:00.000,,,,0,D,150,,3831,3800,5,,,,,,,0.00,,,,,,,,13
3490497305,9229,2021-05-23 21:15:00.000,,,,0,D,150,,3829,3790,4,,,,,,,0.00,,,,,,,,13
0474238737,9229,2021-05-23 21:30:00.000,,,,0,D,150,,3829,3790,4,,,,,,,0.00,,,,,,,,13
1500107591,9229,2021-05-23 21:45:00.000,,,,0,D,150,,3824,3790,4,,,,,,,0.00,,,,,,,,13
2706529547,9229,2021-05-23 22:00:00.000,,,,0,D,151,,3824,3789,4,,,,,,,0.00,,,,,,,,13
3770671729,9229,2021-05-23 22:15:00.000,,,,0,D,150,,3824,3789,4,,,,,,,0.00,,,,,,,,13
0771190377,9229,2021-05-23 22:30:00.000,,,,0,D,150,,3819,3792,4,,,,,,,0.00,,,,,,,,13
1706487899,9229,2021-05-23 22:45:00.000,,,,0,D,150,,3819,3784,5,,,,,,,0.00,,,,,,,,13
3146743999,9229,2021-05-23 23:00:00.000,,,,0,D,150,,3819,3786,5,,,,,,,0.00,,,,,,,,13
4207674886,9229,2021-05-23 23:15:00.000,,,,0,D,151,,3815,3781,6,,,,,,,0.00,,,,,,,,13
1083543219,9229,2021-05-23 23:30:00.000,,,,0,D,150,,3814,3782,6,,,,,,,0.00,,,,,,,,13
2290882678,9229,2021-05-23 23:45:00.000,,,,0,D,150,,3814,3781,6,,,,,,,0.00,,,,,,,,13
3551241053,9229,2021-05-24 00:00:00.000,,,,0,D,150,,3812,3781,6,,,,,,,0.00,,,,,,,,13
0427633681,9229,2021-05-24 00:15:00.000,,,,0,D,150,,3809,3784,6,,,,,,,0.00,,,,,,,,13
1505407575,9229,2021-05-24 00:30:00.000,,,,0,D,151,,3809,3775,6,,,,,,,0.00,,,,,,,,13
2696231719,9229,2021-05-24 00:45:00.000,,,,0,D,150,,3809,3776,6,,,,,,,0.00,,,,,,,,13
3704143697,9229,2021-05-24 01:00:00.000,,,,0,D,150,,3806,3773,6,,,,,,,0.00,,,,,,,,13
0599279641,9229,2021-05-24 01:15:00.000,,,,0,D,150,,3804,3773,6,,,,,,,0.00,,,,,,,,13
1662242163,9229,2021-05-24 01:30:00.000,,,,0,D,150,,3802,3769,6,,,,,,,0.00,,,,,,,,13
2866501409,9229,2021-05-24 01:45:00.000,,,,0,D,151,,3802,3767,6,,,,,,,0.00,,,,,,,,13
3966360989,9229,2021-05-24 02:00:00.000,,,,0,D,150,,3801,3768,6,,,,,,,0.00,,,,,,,,13
1021406154,9229,2021-05-24 02:15:00.000,,,,0,D,150,,3800,3768,6,,,,,,,0.00,,,,,,,,13
2084368676,9229,2021-05-24 02:30:00.000,,,,0,D,150,,3800,3767,6,,,,,,,0.00,,,,,,,,13
3346234396,9229,2021-05-24 02:45:00.000,,,,0,D,150,,3800,3767,6,,,,,,,0.00,,,,,,,,13
0021757726,9229,2021-05-24 03:00:00.000,,,,0,D,151,,3795,3762,6,,,,,,,0.00,,,,,,,,13
1193445334,9229,2021-05-24 03:15:00.000,,,,0,D,150,,3795,3762,6,,,,,,,0.00,,,,,,,,13
2347700093,9229,2021-05-24 03:30:00.000,,,,0,D,150,,3795,3762,6,,,,,,,0.00,,,,,,,,13
3661536388,9229,2021-05-24 03:45:00.000,,,,0,D,150,,3792,3762,6,,,,,,,0.00,,,,,,,,13
0265952607,9229,2021-05-24 04:00:00.000,,,,0,D,150,,3790,3757,6,,,,,,,0.00,,,,,,,,13
1670753454,9229,2021-05-24 04:15:00.000,,,,0,D,151,,3790,3758,6,,,,,,,0.00,,,,,,,,13
2807051337,9229,2021-05-24 04:30:01.000,,,,0,D,150,,3790,3754,7,,,,,,,0.00,,,,,,,,13
3906190024,9229,2021-05-24 04:45:01.000,,,,0,D,150,,3789,3754,6,,,,,,,0.00,,,,,,,,13
0800670591,9229,2021-05-24 05:00:01.000,,,,0,D,150,,3786,3754,6,,,,,,,0.00,,,,,,,,13
2043465310,9229,2021-05-24 05:15:01.000,,,,0,D,150,,3786,3753,6,,,,,,,0.00,,,,,,,,13
3178190313,9229,2021-05-24 05:30:01.000,,,,0,D,151,,3786,3750,6,,,,,,,0.00,,,,,,,,13
0017948028,9229,2021-05-24 05:45:00.000,,,,0,D,150,,3786,3752,6,,,,,,,0.00,,,,,,,,13
1009934505,9229,2021-05-24 06:00:00.000,,,,0,D,150,,3784,3747,6,,,,,,,0.00,,,,,,,,13
2216421996,9229,2021-05-24 06:15:00.000,,,,0,D,150,,3784,3747,6,,,,,,,0.00,,,,,,,,13
3459282243,9229,2021-05-24 06:30:00.000,,,,0,D,150,,3781,3747,6,,,,,,,0.00,,,,,,,,13
0388824850,9229,2021-05-24 06:45:00.000,,,,0,D,151,,3781,3743,6,,,,,,,0.00,,,,,,,,13
1596033236,9229,2021-05-24 07:00:00.000,,,,0,D,150,,3781,3747,7,,,,,,,0.00,,,,,,,,13
2839090103,9229,2021-05-24 07:15:00.000,,,,0,D,150,,3781,3745,7,,,,,,,0.00,,,,,,,,13
3936066070,9229,2021-05-24 07:30:00.000,,,,0,D,150,,3776,3743,7,,,,,,,0.00,,,,,,,,13
0868819975,9229,2021-05-24 07:45:00.000,,,,0,D,150,,3779,3742,7,,,,,,,0.00,,,,,,,,13
1839507214,9229,2021-05-24 08:00:00.000,,,,0,D,151,,3776,3740,6,,,,,,,0.00,,,,,,,,13
3175298113,9229,2021-05-24 08:15:01.000,,,,0,D,150,,3776,3742,7,,,,,,,0.00,,,,,,,,13
4274043580,9229,2021-05-24 08:30:01.000,,,,0,D,150,,3773,3742,6,,,,,,,0.00,,,,,,,,13
1538018818,9229,2021-05-24 08:45:02.000,8.5396631,47.4149621,562.2,3,A,140,2021-05-24 08:47:23.000,3771,3747,7,0.28,3.28,3.64,64.51,6.5,5,0.00,,,,,,,,13
4201260679,9229,2021-05-24 09:00:01.000,8.5343464,47.4035972,523.0,3,A,81,2021-05-24 09:01:23.000,3769,3743,4,9.20,145.49,1.84,23.30,2.1,6,0.00,,,,,,,,13
0228945395,9229,2021-05-24 09:15:01.000,8.7352584,47.3567183,532.7,3,A,110,2021-05-24 09:16:52.000,3769,3742,4,31.44,145.49,2.08,48.13,4.4,5,0.00,,,,,,,,13
0051745812,9229,2021-05-24 09:30:02.000,8.8233256,47.2927939,589.9,3,A,38,2021-05-24 09:30:41.000,3767,3737,4,0.12,0.00,1.24,28.67,4.0,5,0.00,,,,,,,,13
3998862823,9229,2021-05-24 09:45:01.000,8.8253954,47.2918914,590.6,3,A,18,2021-05-24 09:45:20.000,3769,3742,-1,0.15,0.00,2.98,22.27,3.9,4,0.00,,,,,,,,13
1715633565,9229,2021-05-24 10:00:02.000,8.8254098,47.2918642,590.4,3,A,16,2021-05-24 10:00:19.000,3767,3732,-6,0.14,0.00,0.79,18.94,3.0,5,0.00,,,,,,,,13
1775985356,9229,2021-05-24 10:15:01.000,8.8252511,47.2919902,603.8,3,A,14,2021-05-24 10:15:16.000,3767,3725,-6,0.02,0.00,0.92,14.08,2.6,5,0.00,,,,,,,,13
3804520718,9229,2021-05-24 10:30:02.000,8.8253440,47.2919793,577.0,3,A,20,2021-05-24 10:30:23.000,3769,3728,-6,0.10,0.00,1.39,23.30,5.5,5,0.00,,,,,,,,13
1223045665,9229,2021-05-24 10:45:01.000,8.8254114,47.2918269,577.1,3,A,6,2021-05-24 10:45:08.000,3767,3725,-5,0.22,328.34,0.95,20.22,3.9,5,0.00,,,,,,,,13
4114898867,9229,2021-05-24 11:00:02.000,8.8254133,47.2917784,574.9,3,A,20,2021-05-24 11:00:23.000,3767,3737,-4,0.02,0.00,0.95,12.29,3.7,6,0.00,,,,,,,,13
1319200720,9229,2021-05-24 11:15:01.000,8.8254090,47.2918241,576.8,3,A,6,2021-05-24 11:15:08.000,3767,3739,-4,0.18,0.00,0.79,11.52,4.1,6,0.00,,,,,,,,13
1550506720,9229,2021-05-24 11:30:02.000,8.8254770,47.2917831,592.1,3,A,5,2021-05-24 11:30:08.000,3767,3739,-4,0.15,111.41,0.78,7.94,4.1,5,0.00,,,,,,,,13
1110451323,9229,2021-05-24 11:45:02.000,8.8254214,47.2917384,569.2,3,A,7,2021-05-24 11:45:10.000,3767,3737,-4,0.16,0.00,1.25,21.76,3.6,5,0.00,,,,,,,,13
3936080336,9229,2021-05-24 12:00:02.000,8.8255472,47.2921037,642.1,3,A,20,2021-05-24 12:00:23.000,3767,3737,-6,0.04,0.00,2.49,40.70,24.4,4,0.00,,,,,,,,13
3248500393,9229,2021-05-24 12:15:01.000,8.8255732,47.2919818,629.5,3,A,13,2021-05-24 12:15:14.000,3767,3730,-6,0.43,0.00,1.95,25.09,10.7,5,0.00,,,,,,,,13
0622502474,9229,2021-05-24 12:30:02.000,8.8253395,47.2917939,569.3,3,A,8,2021-05-24 12:30:11.000,3767,3734,-6,0.33,0.00,1.53,19.97,7.6,5,0.00,,,,,,,,13
1549946466,9229,2021-05-24 12:45:01.000,8.8252751,47.2918768,566.3,3,A,19,2021-05-24 12:45:21.000,3764,3732,-6,0.08,0.00,0.98,16.13,4.0,5,0.00,,,,,,,,13
0347226579,9229,2021-05-24 13:00:01.000,8.8254531,47.2918687,585.6,3,A,10,2021-05-24 13:00:12.000,3764,3728,-6,0.31,135.66,0.92,19.20,3.7,5,0.00,,,,,,,,13
2924557253,9229,2021-05-24 13:15:02.000,8.8254537,47.2918798,579.8,3,A,19,2021-05-24 13:15:21.000,3764,3732,-6,0.06,0.00,0.72,8.19,2.6,7,0.00,,,,,,,,13
2538177536,9229,2021-05-24 13:30:01.000,8.8254779,47.2918302,622.5,3,A,8,2021-05-24 13:30:10.000,3764,3723,-6,0.26,0.00,1.77,16.64,7.9,5,0.00,,,,,,,,13
1018689460,9229,2021-05-24 13:45:02.000,8.8254936,47.2918694,600.1,3,A,14,2021-05-24 13:45:17.000,3764,3732,-6,0.05,0.00,1.41,15.87,6.0,5,0.00,,,,,,,,13
3765992296,9229,2021-05-24 14:00:01.000,8.8252970,47.2918208,563.8,3,A,8,2021-05-24 14:00:10.000,3764,3724,-6,0.14,0.00,1.06,12.03,4.0,5,0.00,,,,,,,,13
3160591774,9229,2021-05-24 14:15:02.000,8.8253690,47.2917591,564.9,3,A,26,2021-05-24 14:15:29.000,3764,3723,-6,0.41,231.34,2.02,23.81,2.3,6,0.00,,,,,,,,13
1029624369,9229,2021-05-24 14:30:00.000,8.8254301,47.2918788,591.9,3,A,10,2021-05-24 14:30:10.999,3764,3732,-6,0.16,18.35,0.69,12.03,2.2,6,0.00,,,,,,,,13
4206907510,9229,2021-05-24 14:45:03.000,8.8253778,47.2918122,575.1,3,A,9,2021-05-24 14:45:12.000,3763,3732,-6,0.10,0.00,0.82,10.24,2.2,6,0.00,,,,,,,,13
2933011166,9229,2021-05-24 15:00:02.000,8.8253994,47.2917531,578.2,3,A,11,2021-05-24 15:00:14.000,3762,3728,-7,0.17,0.00,0.59,17.41,2.5,5,0.00,,,,,,,,13
2319943392,9229,2021-05-24 15:15:02.000,8.8254096,47.2918889,574.5,3,A,12,2021-05-24 15:15:15.000,3762,3728,-7,0.16,0.00,1.25,13.31,5.4,4,0.00,,,,,,,,13
0945817864,9229,2021-05-24 15:30:01.000,8.8254110,47.2918220,582.5,3,A,39,2021-05-24 15:30:41.000,3762,3729,-7,0.05,0.00,1.10,12.80,4.4,5,0.00,,,,,,,,13
0571458008,9229,2021-05-24 15:45:01.000,8.8253755,47.2918035,586.9,3,A,10,2021-05-24 15:45:12.000,3762,3725,-7,0.22,0.00,0.92,17.41,4.0,5,0.00,,,,,,,,13
1063945691,9229,2021-05-24 16:00:02.000,8.8253181,47.2919423,596.8,3,A,7,2021-05-24 16:00:10.000,3763,3730,-7,0.27,0.00,1.37,16.64,3.8,5,0.00,,,,,,,,13
1311442431,9229,2021-05-24 16:15:02.000,8.8254090,47.2917673,577.6,3,A,18,2021-05-24 16:15:21.000,3762,3723,-7,0.07,0.00,1.11,23.55,7.8,4,0.00,,,,,,,,13
0765111114,9229,2021-05-24 16:30:01.000,8.8254375,47.2918467,598.7,3,A,8,2021-05-24 16:30:10.000,3762,3728,-7,0.32,0.00,1.74,16.90,9.4,4,0.00,,,,,,,,13
1903867922,9229,2021-05-24 16:45:02.000,8.8252535,47.2917860,564.8,3,A,35,2021-05-24 16:45:38.000,3762,3723,-7,0.32,89.78,1.20,22.53,3.7,5,0.00,,,,,,,,13
0263534742,9229,2021-05-24 17:00:02.000,8.8252562,47.2917613,556.0,3,A,9,2021-05-24 17:00:12.000,3762,3728,-7,0.38,0.00,1.34,18.43,3.9,5,0.00,,,,,,,,13
1799711644,9229,2021-05-24 17:15:01.000,8.8252995,47.2919074,601.5,3,A,21,2021-05-24 17:15:24.000,3762,3729,-8,0.15,323.75,0.70,20.22,2.3,7,0.00,,,,,,,,13
2505845465,9229,2021-05-24 17:30:02.000,8.8254208,47.2918044,587.6,3,A,13,2021-05-24 17:30:16.000,3762,3728,-7,0.05,0.00,0.78,15.10,2.5,6,0.00,,,,,,,,13
1484290378,9229,2021-05-24 17:45:02.000,8.8254881,47.2917457,592.1,3,A,25,2021-05-24 17:45:28.000,3762,3725,-7,0.09,338.82,1.32,28.67,3.3,6,0.00,,,,,,,,13
3647670147,9229,2021-05-24 18:00:02.000,8.8253567,47.2918370,585.7,3,A,10,2021-05-24 18:00:13.000,3762,3720,-8,0.42,0.00,1.30,27.90,5.1,5,0.00,,,,,,,,13
2172066207,9229,2021-05-24 18:15:01.000,8.8254251,47.2918378,601.6,3,A,7,2021-05-24 18:15:09.000,3762,3725,-8,0.33,340.79,1.15,28.93,5.2,5,0.00,,,,,,,,13
3720193434,9229,2021-05-24 18:30:01.000,8.8253773,47.2919529,607.8,3,A,6,2021-05-24 18:30:08.000,3757,3725,-9,0.57,0.00,1.17,18.69,5.1,5,0.00,,,,,,,,13
3021226984,9229,2021-05-24 18:45:02.000,8.8255393,47.2919085,625.0,3,A,7,2021-05-24 18:45:10.000,3757,3723,-9,0.29,0.00,1.14,12.80,4.9,5,0.00,,,,,,,,13
2588631338,9229,2021-05-24 19:00:01.000,8.8253788,47.2919404,608.1,3,A,18,2021-05-24 19:00:20.000,3757,3723,-9,0.18,0.00,0.96,17.92,3.2,5,0.00,,,,,,,,13
3016015872,9229,2021-05-24 19:15:01.000,8.8253896,47.2918205,575.4,3,A,25,2021-05-24 19:15:27.000,3762,3723,-9,0.04,0.00,0.82,20.48,2.9,6,0.00,,,,,,,,13
1348307140,9229,2021-05-24 19:30:01.000,8.8253837,47.2918329,567.2,3,A,12,2021-05-24 19:30:13.000,3757,3719,-9,0.09,351.93,0.90,17.41,2.8,6,0.00,,,,,,,,13
0388491866,9229,2021-05-24 19:45:01.000,8.8253401,47.2918835,582.9,3,A,8,2021-05-24 19:45:10.000,3757,3714,-10,0.08,0.00,0.67,9.47,2.7,6,0.00,,,,,,,,13
0480444643,9229,2021-05-24 20:00:01.000,8.8251926,47.2920678,581.2,3,A,23,2021-05-24 20:00:25.000,3757,3723,-9,0.23,0.00,0.69,20.74,3.1,5,0.00,,,,,,,,13
0876373035,9229,2021-05-24 20:15:01.000,8.8254567,47.2917552,589.4,3,A,12,2021-05-24 20:15:14.000,3757,3717,-10,0.26,0.00,1.12,23.81,4.1,4,0.00,,,,,,,,13
2878839330,9229,2021-05-24 20:30:01.000,8.8252586,47.2919356,584.3,3,A,11,2021-05-24 20:30:13.000,3757,3723,-10,0.02,0.00,0.58,26.88,3.7,4,0.00,,,,,,,,13
0950117659,9229,2021-05-24 20:45:01.000,8.8253390,47.2918832,584.7,3,A,16,2021-05-24 20:45:18.000,3757,3723,-10,0.15,0.00,0.86,19.20,3.5,4,0.00,,,,,,,,13
0149764551,9229,2021-05-24 21:00:01.000,8.8254100,47.2918021,598.7,3,A,19,2021-05-24 21:00:21.000,3757,3723,-10,0.25,0.00,1.17,25.09,1.9,7,0.00,,,,,,,,13
0571075401,9229,2021-05-24 21:15:01.000,8.8253901,47.2918570,592.9,3,A,17,2021-05-24 21:15:19.000,3757,3723,-11,0.07,0.00,0.69,10.75,1.7,7,0.00,,,,,,,,13
1643892699,9229,2021-05-24 21:30:01.000,8.8254331,47.2917216,592.5,3,A,19,2021-05-24 21:30:21.000,3754,3717,-11,0.02,0.00,0.73,17.41,2.1,6,0.00,,,,,,,,13
0099172948,9229,2021-05-24 21:45:01.000,8.8253934,47.2918832,580.5,3,A,19,2021-05-24 21:45:21.000,3754,3719,-11,0.18,0.00,1.10,18.18,2.1,6,0.00,,,,,,,,13
1486827192,9229,2021-05-24 22:00:00.000,8.8254171,47.2917649,587.6,3,A,6,2021-05-24 22:00:07.999,3754,3723,-11,1.04,344.06,1.57,28.67,3.0,5,0.00,,,,,,,,13
1777336383,9229,2021-05-24 22:15:02.000,8.8253440,47.2918917,583.7,3,A,17,2021-05-24 22:15:19.000,3754,3719,-11,0.14,333.58,0.64,16.38,2.7,5,0.00,,,,,,,,13
1992475199,9229,2021-05-24 22:30:01.000,8.8253762,47.2918653,597.0,3,A,10,2021-05-24 22:30:12.000,3757,3719,-12,0.33,0.00,1.23,22.78,2.5,5,0.00,,,,,,,,13
2786206724,9229,2021-05-24 22:45:01.000,8.8255226,47.2915812,567.7,3,A,21,2021-05-24 22:45:23.000,3754,3719,-11,0.40,0.00,1.12,28.67,2.2,6,0.00,,,,,,,,13
2924373908,9229,2021-05-24 23:00:01.000,8.8252450,47.2919843,586.0,3,A,14,2021-05-24 23:00:16.000,3754,3709,-11,0.44,140.25,1.44,34.05,5.1,4,0.00,,,,,,,,13
3319462539,9229,2021-05-24 23:15:01.000,8.8256260,47.2916677,594.8,3,A,12,2021-05-24 23:15:13.000,3754,3714,-12,0.11,0.00,0.76,20.74,4.0,4,0.00,,,,,,,,13
4264480387,9229,2021-05-24 23:30:01.000,8.8254279,47.2918175,589.9,3,A,20,2021-05-24 23:30:22.000,3754,3719,-12,0.02,0.00,0.40,16.90,2.3,6,0.00,,,,,,,,13
1122844049,9229,2021-05-24 23:45:00.000,8.8252739,47.2920005,594.6,3,A,8,2021-05-24 23:45:08.999,3754,3719,-12,0.03,127.14,0.67,24.32,2.1,6,0.00,,,,,,,,13
2323783748,9229,2021-05-25 00:00:01.000,8.8252698,47.2919500,574.4,3,A,43,2021-05-25 00:00:45.000,3754,3714,-12,0.27,347.34,2.13,31.49,4.5,4,0.00,,,,,,,,13
0476748622,9229,2021-05-25 00:15:02.000,8.8254746,47.2917858,571.6,3,A,13,2021-05-25 00:15:16.000,3752,3709,-12,0.11,0.00,1.19,22.78,4.8,4,0.00,,,,,,,,13
1984247024,9229,2021-05-25 00:30:01.000,8.8253905,47.2917470,587.6,3,A,18,2021-05-25 00:30:20.000,3752,3714,-12,0.07,0.00,0.80,22.53,2.7,5,0.00,,,,,,,,13
3363498247,9229,2021-05-25 00:45:00.000,8.8253745,47.2918890,584.7,3,A,9,2021-05-25 00:45:11.000,3752,3707,-12,0.09,0.00,0.66,8.70,2.6,5,0.00,,,,,,,,13
0619265634,9229,2021-05-25 01:00:02.000,8.8253728,47.2917926,585.0,3,A,19,2021-05-25 01:00:22.000,3752,3704,-12,0.68,263.45,1.34,24.58,2.7,6,0.00,,,,,,,,13
3317212997,9229,2021-05-25 01:15:01.000,8.8253708,47.2918845,584.8,3,A,7,2021-05-25 01:15:09.000,3752,3714,-13,0.06,0.00,0.54,6.91,3.3,5,0.00,,,,,,,,13
0677032303,9229,2021-05-25 01:30:01.000,8.8253608,47.2917925,581.6,3,A,8,2021-05-25 01:30:09.000,3752,3717,-13,0.42,359.79,1.59,12.03,8.3,4,0.00,,,,,,,,13
3668151893,9229,2021-05-25 01:45:01.000,8.8252847,47.2918238,573.3,3,A,8,2021-05-25 01:45:10.000,3752,3704,-13,0.11,0.00,1.10,10.24,5.3,4,0.00,,,,,,,,13
4068554675,9229,2021-05-25 02:00:01.000,8.8253612,47.2917173,585.1,3,A,8,2021-05-25 02:00:10.000,3752,3714,-13,0.14,0.00,1.01,20.48,4.7,4,0.00,,,,,,,,13
4001846144,9229,2021-05-25 02:15:01.000,8.8250832,47.2920503,568.0,3,A,9,2021-05-25 02:15:10.999,3752,3714,-13,0.27,0.00,1.16,34.82,5.0,4,0.00,,,,,,,,13
3721304827,9229,2021-05-25 02:30:01.000,8.8250077,47.2920835,554.2,3,A,13,2021-05-25 02:30:15.000,3752,3702,-13,0.22,141.56,1.57,39.17,5.9,4,0.00,,,,,,,,13
0091491159,9229,2021-05-25 02:45:01.000,8.8254204,47.2918037,601.7,3,A,21,2021-05-25 02:45:23.000,3752,3714,-13,0.11,0.00,0.90,10.75,4.1,5,0.00,,,,,,,,13
1345536117,9229,2021-05-25 03:00:01.000,8.8253889,47.2917331,611.9,3,A,21,2021-05-25 03:00:23.000,3752,3714,-13,0.03,0.00,0.81,6.91,3.0,7,0.00,,,,,,,,13
3433579943,9229,2021-05-25 03:15:01.000,8.8254428,47.2917406,600.1,3,A,13,2021-05-25 03:15:15.000,3752,3706,-13,0.05,8.52,0.39,11.52,2.9,7,0.00,,,,,,,,13
3266396959,9229,2021-05-25 03:30:01.000,8.8254647,47.2917906,597.3,3,A,9,2021-05-25 03:30:11.000,3750,3699,-13,0.11,16.38,0.78,9.73,3.3,6,0.00,,,,,,,,13
1493414673,9229,2021-05-25 03:45:01.000,8.8252896,47.2918941,589.9,3,A,30,2021-05-25 03:45:31.000,3752,3706,-13,0.61,0.00,1.70,42.24,3.2,6,0.00,,,,,,,,13
0647737179,9229,2021-05-25 04:00:01.000,8.8255466,47.2917168,593.6,3,A,6,2021-05-25 04:00:08.000,3752,3710,-13,0.36,0.00,1.04,14.34,2.7,6,0.00,,,,,,,,13
1555194840,9229,2021-05-25 04:15:02.000,8.8253888,47.2918198,588.7,3,A,20,2021-05-25 04:15:23.000,3750,3709,-13,0.01,351.27,1.17,15.87,6.6,5,0.00,,,,,,,,13
0340370895,9229,2021-05-25 04:30:01.000,8.8254623,47.2918997,619.6,3,A,8,2021-05-25 04:30:10.000,3750,3709,-13,0.11,0.00,0.99,8.45,4.1,5,0.00,,,,,,,,13
2898503652,9229,2021-05-25 04:45:02.000,8.8254486,47.2917783,589.9,3,A,8,2021-05-25 04:45:11.000,3750,3710,-14,0.16,0.00,0.72,17.41,3.1,5,0.00,,,,,,,,13
0778650050,9229,2021-05-25 05:00:01.000,8.8254898,47.2918289,604.4,3,A,6,2021-05-25 05:00:07.999,3748,3714,-13,0.12,0.00,0.70,13.82,2.6,5,0.00,,,,,,,,13
3418868069,9229,2021-05-25 05:15:02.000,8.8253822,47.2918484,596.4,3,A,22,2021-05-25 05:15:25.000,3750,3707,-13,0.13,0.00,0.87,18.18,2.2,7,0.00,,,,,,,,13
4115355573,9229,2021-05-25 05:30:01.000,8.8252913,47.2918902,576.7,3,A,6,2021-05-25 05:30:08.000,3747,3714,-12,0.23,0.00,0.91,11.01,2.2,6,0.00,,,,,,,,13
0630884136,9229,2021-05-25 05:45:02.000,8.8252775,47.2918870,579.6,3,A,7,2021-05-25 05:45:10.000,3747,3709,-12,0.10,0.00,0.97,11.26,2.0,6,0.00,,,,,,,,13
2777353673,9229,2021-05-25 06:00:02.000,8.8254169,47.2917025,582.0,3,A,6,2021-05-25 06:00:09.000,3752,3714,-11,0.28,0.00,1.17,16.90,5.4,4,0.00,,,,,,,,13
0416250075,9229,2021-05-25 06:15:01.000,8.8253623,47.2921316,626.4,3,A,34,2021-05-25 06:15:36.000,3748,3709,-12,0.97,5.90,3.72,49.66,16.7,4,0.00,,,,,,,,13
3215418810,9229,2021-05-25 06:30:02.000,8.8251810,47.2918097,571.3,3,A,12,2021-05-25 06:30:15.000,3747,3706,-13,0.20,73.40,0.73,26.88,5.0,5,0.00,,,,,,,,13
0083055178,9229,2021-05-25 06:45:01.000,8.8253587,47.2917016,561.0,3,A,36,2021-05-25 06:45:38.000,3747,3704,-13,0.04,0.00,0.68,14.34,3.5,6,0.00,,,,,,,,13
0897072334,9229,2021-05-25 07:00:02.000,8.8254340,47.2917872,589.0,3,A,9,2021-05-25 07:00:12.000,3747,3699,-12,0.48,7.86,1.31,24.83,4.5,4,0.00,,,,,,,,13
2414835981,9229,2021-05-25 07:15:02.000,8.8254877,47.2918258,598.6,3,A,15,2021-05-25 07:15:18.000,3747,3706,-11,0.67,357.83,1.54,27.39,5.2,4,0.00,,,,,,,,13
1850750598,9229,2021-05-25 07:30:02.000,8.8256161,47.2918099,602.7,3,A,16,2021-05-25 07:30:19.000,3747,3714,-11,0.16,0.00,1.17,22.53,2.6,5,0.00,,,,,,,,13
0410278724,9229,2021-05-25 07:45:01.000,8.8254737,47.2918562,598.6,3,A,24,2021-05-25 07:45:26.000,3745,3707,-12,0.01,0.00,0.92,16.38,3.0,4,0.00,,,,,,,,13
4247003060,9229,2021-05-25 08:00:02.000,8.8254095,47.2918584,593.0,3,A,13,2021-05-25 08:00:16.000,3745,3699,-11,0.07,0.00,0.68,13.06,3.0,4,0.00,,,,,,,,13
1052041515,9229,2021-05-25 08:15:02.000,8.8254954,47.2917166,575.9,3,A,20,2021-05-25 08:15:23.000,3747,3709,-11,0.11,0.00,1.56,24.58,6.9,4,0.00,,,,,,,,13
2349843052,9229,2021-05-25 08:30:01.000,8.8254007,47.2917854,586.1,3,A,18,2021-05-25 08:30:20.000,3747,3714,-10,0.02,148.77,0.81,12.03,2.5,6,0.00,,,,,,,,13
3918541088,9229,2021-05-25 08:45:02.000,8.8253711,47.2919196,575.7,3,A,20,2021-05-25 08:45:23.000,3747,3704,-10,0.07,0.00,0.77,19.20,2.2,7,0.00,,,,,,,,13
3467614676,9229,2021-05-25 09:00:01.000,8.8254689,47.2918522,579.8,3,A,14,2021-05-25 09:00:16.000,3747,3699,-9,0.05,142.87,0.55,21.25,1.9,7,0.00,,,,,,,,13
0133961478,9229,2021-05-25 09:15:02.000,8.8254793,47.2919094,591.5,3,A,15,2021-05-25 09:15:18.000,3747,3707,-9,0.08,0.00,0.99,16.38,2.1,6,0.00,,,,,,,,13
3060354678,9229,2021-05-25 09:30:02.000,8.8254267,47.2918648,594.0,3,A,35,2021-05-25 09:30:38.000,3747,3709,-8,0.03,0.00,1.64,32.00,5.0,4,0.00,,,,,,,,13
2855343581,9229,2021-05-25 09:45:02.000,8.8255805,47.2918852,607.6,3,A,22,2021-05-25 09:45:25.000,3747,3714,-7,0.06,242.48,2.54,34.30,3.3,5,0.00,,,,,,,,13
4043334311,9229,2021-05-25 10:00:01.000,8.8253385,47.2921612,578.5,3,A,31,2021-05-25 10:00:33.000,3745,3706,-8,0.83,99.61,2.56,47.62,2.8,6,0.00,,,,,,,,13
3910381770,9229,2021-05-25 10:15:01.000,8.8253440,47.2918106,588.0,3,A,24,2021-05-25 10:15:26.000,3747,3712,-7,0.02,283.77,0.62,17.15,2.3,6,0.00,,,,,,,,13
1634693033,9229,2021-05-25 10:30:02.000,8.8254195,47.2918231,590.7,3,A,8,2021-05-25 10:30:11.000,3745,3712,-7,0.13,0.00,1.06,14.34,3.5,5,0.00,,,,,,,,13
3554793816,9229,2021-05-25 10:45:01.000,8.8252005,47.2919373,557.7,3,A,20,2021-05-25 10:45:22.000,3745,3712,-7,0.10,0.00,1.02,21.25,3.7,5,0.00,,,,,,,,13
2423674932,9229,2021-05-25 11:00:02.000,8.8253377,47.2918627,574.9,3,A,19,2021-05-25 11:00:22.000,3747,3704,-6,0.05,346.69,0.69,19.71,3.4,5,0.00,,,,,,,,13
3179009106,9229,2021-05-25 11:15:02.000,8.8254082,47.2918263,577.2,3,A,18,2021-05-25 11:15:21.000,3747,3714,-6,0.11,142.21,1.19,30.98,3.0,5,0.00,,,,,,,,13
2773528679,9229,2021-05-25 11:30:01.000,8.8251154,47.2919983,593.6,3,A,15,2021-05-25 11:30:17.000,3745,3714,-7,0.10,320.47,1.06,35.07,2.7,5,0.00,,,,,,,,13
2844040614,9229,2021-05-25 11:45:01.000,8.8254225,47.2918514,596.6,3,A,32,2021-05-25 11:45:34.000,3743,3709,-6,0.65,12.45,5.84,39.68,2.4,6,0.00,,,,,,,,13
4210797518,9229,2021-05-25 12:00:02.000,8.8255540,47.2920430,626.6,3,A,18,2021-05-25 12:00:21.000,3745,3709,-5,0.25,12.45,1.80,31.23,9.3,6,0.00,,,,,,,,13
2723239625,9229,2021-05-25 12:15:01.000,8.8254321,47.2918059,589.3,3,A,17,2021-05-25 12:15:19.000,3742,3709,-8,0.05,47.84,0.78,21.50,1.9,7,0.00,,,,,,,,13
1968472012,9229,2021-05-25 12:30:01.000,8.8255337,47.2918487,594.7,3,A,14,2021-05-25 12:30:16.000,3745,3714,-4,0.25,0.00,1.63,25.86,3.6,6,0.00,,,,,,,,13
2501147189,9229,2021-05-25 12:45:02.000,8.8254212,47.2918100,583.8,3,A,26,2021-05-25 12:45:29.000,3745,3714,-3,0.11,0.00,0.97,31.74,3.8,5,0.00,,,,,,,,13
0853803177,9229,2021-05-25 13:00:01.000,8.8258275,47.2918221,675.5,3,A,37,2021-05-25 13:00:39.000,3742,3704,-6,0.13,0.00,2.17,29.70,4.4,4,0.00,,,,,,,,13
4063272620,9229,2021-05-25 13:15:01.000,8.8252713,47.2920909,618.5,3,A,14,2021-05-25 13:15:16.000,3742,3709,-6,1.80,336.20,3.09,36.61,4.2,4,0.00,,,,,,,,13
1219807958,9229,2021-05-25 13:30:02.000,8.8252887,47.2918225,574.2,3,A,38,2021-05-25 13:30:41.000,3745,3714,-1,0.07,0.00,0.80,20.48,4.1,5,0.00,,,,,,,,13
1180579474,9229,2021-05-25 13:45:01.000,8.8254778,47.2918021,603.0,3,A,20,2021-05-25 13:45:22.000,3745,3714,-1,0.06,306.71,0.98,14.59,3.2,6,0.00,,,,,,,,13
3057751479,9229,2021-05-25 14:00:02.000,8.8253692,47.2918440,577.6,3,A,9,2021-05-25 14:00:12.000,3742,3704,-4,0.41,116.65,1.67,32.00,2.8,5,0.00,,,,,,,,13
1455387160,9229,2021-05-25 14:15:02.000,8.8253623,47.2918164,583.3,3,A,15,2021-05-25 14:15:18.000,3742,3714,-3,0.11,0.00,0.79,15.10,2.6,5,0.00,,,,,,,,13
4040245384,9229,2021-05-25 14:30:02.000,8.8255367,47.2918126,593.8,3,A,17,2021-05-25 14:30:19.000,3742,3714,-4,0.13,0.00,0.92,15.62,4.0,5,0.00,,,,,,,,13
0299832558,9229,2021-05-25 14:45:01.000,8.8253307,47.2918579,590.4,3,A,20,2021-05-25 14:45:22.000,3742,3712,-4,0.16,0.00,1.75,52.48,7.5,4,0.00,,,,,,,,13
4143068688,9229,2021-05-25 15:00:02.000,8.8254435,47.2918490,592.0,3,A,42,2021-05-25 15:00:45.000,3742,3709,-4,0.05,340.13,0.52,10.50,2.4,6,0.00,,,,,,,,13
3651009633,9229,2021-05-25 15:15:01.000,8.8254828,47.2918806,603.1,3,A,26,2021-05-25 15:15:28.000,3752,3719,-1,0.13,36.04,1.25,22.27,4.6,5,0.00,,,,,,,,13
3575731416,9229,2021-05-25 15:30:02.000,8.8254346,47.2917315,577.0,3,A,18,2021-05-25 15:30:21.000,3742,3712,-4,0.30,0.00,1.16,30.21,4.3,5,0.00,,,,,,,,13
0059779810,9229,2021-05-25 15:45:01.000,8.8253482,47.2918864,589.6,3,A,24,2021-05-25 15:45:26.000,3742,3710,-4,0.06,347.34,0.96,19.46,4.0,5,0.00,,,,,,,,13
0784042628,9229,2021-05-25 16:00:02.000,8.8254382,47.2917495,573.6,3,A,15,2021-05-25 16:00:18.000,3742,3709,-5,0.09,0.00,1.44,16.90,3.8,5,0.00,,,,,,,,13
4119747408,9229,2021-05-25 16:15:02.000,8.8254728,47.2918567,606.0,3,A,9,2021-05-25 16:15:12.000,3739,3697,-6,0.33,0.00,1.75,15.87,8.1,4,0.00,,,,,,,,13
2262076464,9229,2021-05-25 16:30:02.000,8.8252630,47.2917756,546.9,3,A,9,2021-05-25 16:30:12.000,3742,3707,-7,0.39,0.00,1.99,37.63,10.0,4,0.00,,,,,,,,13
3238146577,9229,2021-05-25 16:45:02.000,8.8253489,47.2918312,580.9,3,A,17,2021-05-25 16:45:20.000,3737,3709,-6,0.01,0.00,1.06,12.03,4.9,5,0.00,,,,,,,,13
2843956721,9229,2021-05-25 17:00:02.000,8.8252996,47.2918446,586.5,3,A,13,2021-05-25 17:00:16.000,3742,3696,-7,0.17,302.12,1.26,19.20,5.5,5,0.00,,,,,,,,13
1598956106,9229,2021-05-25 17:15:02.000,8.8251748,47.2918395,580.8,3,A,6,2021-05-25 17:15:09.000,3737,3709,-7,0.41,88.47,1.23,10.75,5.7,5,0.00,,,,,,,,13
2275915060,9229,2021-05-25 17:30:01.000,8.8253451,47.2918748,583.3,3,A,18,2021-05-25 17:30:20.000,3739,3707,-7,0.06,165.15,0.72,8.96,3.0,7,0.00,,,,,,,,13
0005796004,9229,2021-05-25 17:45:02.000,8.8254006,47.2918259,588.4,3,A,6,2021-05-25 17:45:09.000,3737,3709,-7,0.15,0.00,0.70,7.68,3.2,6,0.00,,,,,,,,13
3493208294,9229,2021-05-25 18:00:01.000,8.8254312,47.2917989,583.0,3,A,6,2021-05-25 18:00:08.000,3737,3707,-7,0.14,0.00,0.67,9.73,2.8,6,0.00,,,,,,,,13
2363324654,9229,2021-05-25 18:15:02.000,8.8253936,47.2918778,584.1,3,A,8,2021-05-25 18:15:11.000,3737,3697,-7,0.07,0.00,0.90,11.26,5.2,5,0.00,,,,,,,,13
2712432829,9229,2021-05-25 18:30:01.000,8.8253021,47.2918339,597.5,3,A,8,2021-05-25 18:30:10.000,3737,3695,-8,0.21,0.00,0.94,22.78,5.1,5,0.00,,,,,,,,13
0298248137,9229,2021-05-25 18:45:02.000,8.8253759,47.2918063,598.5,3,A,10,2021-05-25 18:45:12.000,3737,3704,-9,0.27,0.00,0.98,10.50,4.8,5,0.00,,,,,,,,13
2070779193,9229,2021-05-25 19:00:02.000,8.8254687,47.2918371,605.0,3,A,7,2021-05-25 19:00:10.000,3737,3704,-9,0.39,0.00,1.14,16.13,4.6,5,0.00,,,,,,,,13
0127023152,9229,2021-05-25 19:15:01.000,8.8253726,47.2918450,586.6,3,A,18,2021-05-25 19:15:20.000,3737,3704,-9,0.03,0.00,0.52,12.03,2.5,7,0.00,,,,,,,,13
2993811777,9229,2021-05-25 19:30:01.000,8.8253648,47.2918073,582.9,3,A,9,2021-05-25 19:30:11.000,3735,3695,-9,0.03,0.00,0.67,11.01,2.5,7,0.00,,,,,,,,13
3628373660,9229,2021-05-25 19:45:01.000,8.8253411,47.2918853,582.5,3,A,7,2021-05-25 19:45:09.000,3735,3704,-9,0.05,0.00,0.69,9.22,2.5,7,0.00,,,,,,,,13
3107496122,9229,2021-05-25 20:00:01.000,8.8253931,47.2918198,580.6,3,A,9,2021-05-25 20:00:11.000,3737,3699,-9,0.12,0.00,0.62,16.38,3.0,6,0.00,,,,,,,,13
2670833746,9229,2021-05-25 20:15:01.000,8.8251766,47.2920453,601.3,3,A,12,2021-05-25 20:15:14.000,3735,3704,-10,0.34,151.39,4.16,66.05,4.7,4,0.00,,,,,,,,13
1194100553,9229,2021-05-25 20:30:01.000,8.8253546,47.2918487,592.4,3,A,8,2021-05-25 20:30:10.000,3735,3695,-10,0.11,0.00,1.35,20.22,4.8,4,0.00,,,,,,,,13
2985954734,9229,2021-05-25 20:45:01.000,8.8253127,47.2918178,599.0,3,A,12,2021-05-25 20:45:13.000,3735,3701,-10,0.01,0.00,1.57,43.78,4.8,4,0.00,,,,,,,,13
3098449196,9229,2021-05-25 21:00:01.000,8.8252945,47.2920732,582.6,3,A,22,2021-05-25 21:00:24.000,3735,3697,-10,0.45,336.86,1.20,23.81,2.5,6,0.00,,,,,,,,13
3920318884,9229,2021-05-25 21:15:01.000,8.8255113,47.2917784,596.4,3,A,29,2021-05-25 21:15:31.000,3735,3699,-11,0.10,327.68,1.75,25.60,2.2,5,0.00,,,,,,,,13
1226347111,9229,2021-05-25 21:30:01.000,8.8253311,47.2919486,583.4,3,A,26,2021-05-25 21:30:28.000,3735,3697,-11,0.09,149.42,3.53,59.39,5.3,4,0.00,,,,,,,,13
1047018787,9229,2021-05-25 21:45:01.000,8.8254040,47.2919314,588.8,3,A,21,2021-05-25 21:45:23.000,3735,3699,-11,0.06,0.00,1.25,15.36,6.8,4,0.00,,,,,,,,13
3138220719,9229,2021-05-25 22:00:01.000,8.8254123,47.2918050,600.4,3,A,21,2021-05-25 22:00:23.000,3732,3697,-11,0.15,155.98,1.03,13.57,2.4,6,0.00,,,,,,,,13
1938608552,9229,2021-05-25 22:15:01.000,8.8254675,47.2917764,598.3,3,A,8,2021-05-25 22:15:10.000,3732,3699,-11,0.09,0.00,1.13,12.54,5.8,4,0.00,,,,,,,,13
1752937577,9229,2021-05-25 22:30:01.000,8.8254788,47.2917701,602.6,3,A,16,2021-05-25 22:30:18.000,3735,3699,-11,0.66,0.00,2.86,17.41,4.9,4,0.00,,,,,,,,13
0864212576,9229,2021-05-25 22:45:01.000,8.8254293,47.2917937,584.3,3,A,10,2021-05-25 22:45:12.000,3732,3692,-11,0.18,0.00,0.83,12.29,3.6,5,0.00,,,,,,,,13
2926579646,9229,2021-05-25 23:00:01.000,8.8253967,47.2917886,586.4,3,A,9,2021-05-25 23:00:11.000,3732,3697,-11,0.45,0.00,1.10,21.76,5.1,4,0.00,,,,,,,,13
1335865719,9229,2021-05-25 23:15:01.000,8.8254317,47.2918320,598.6,3,A,18,2021-05-25 23:15:20.000,3732,3696,-11,0.10,116.65,2.09,45.82,7.8,4,0.00,,,,,,,,13
3251353947,9229,2021-05-25 23:30:01.000,8.8249087,47.2922907,581.9,3,A,13,2021-05-25 23:30:15.000,3732,3695,-11,0.84,142.87,3.98,80.13,19.8,4,0.00,,,,,,,,13
1339723702,9229,2021-05-25 23:45:01.000,8.8254515,47.2918037,589.3,3,A,42,2021-05-25 23:45:44.000,3732,3695,-12,0.13,136.31,0.68,22.02,2.9,5,0.00,,,,,,,,13
2129834849,9229,2021-05-26 00:00:01.000,8.8254685,47.2918092,596.4,3,A,16,2021-05-26 00:00:18.000,3732,3695,-12,0.03,135.00,0.94,23.04,2.6,5,0.00,,,,,,,,13
0834816750,9229,2021-05-26 00:15:01.000,8.8253339,47.2918659,610.3,3,A,51,2021-05-26 00:15:53.000,3732,3692,-12,0.07,0.00,1.45,15.10,3.0,5,0.00,,,,,,,,13
1407351275,9229,2021-05-26 00:30:01.000,8.8254021,47.2918146,592.0,3,A,26,2021-05-26 00:30:28.000,3732,3686,-12,0.08,0.00,0.80,11.78,3.1,5,0.00,,,,,,,,13
4269747986,9229,2021-05-26 00:45:01.000,8.8253729,47.2917737,581.9,3,A,8,2021-05-26 00:45:10.000,3732,3685,-12,0.06,0.00,0.69,8.19,3.3,5,0.00,,,,,,,,13
3193202986,9229,2021-05-26 01:00:01.000,8.8253613,47.2918987,585.3,3,A,19,2021-05-26 01:00:21.000,3732,3685,-13,0.02,349.96,0.66,14.34,3.4,5,0.00,,,,,,,,13
3807166428,9229,2021-05-26 01:15:01.000,8.8254133,47.2918474,585.0,3,A,7,2021-05-26 01:15:09.000,3732,3695,-12,0.08,357.17,0.63,14.85,3.5,4,0.00,,,,,,,,13
3453899691,9229,2021-05-26 01:30:01.000,8.8253702,47.2919283,579.0,3,A,6,2021-05-26 01:30:08.000,3730,3692,-12,0.55,353.89,1.47,17.15,7.0,4,0.00,,,,,,,,13
0674973927,9229,2021-05-26 01:45:01.000,8.8253444,47.2918740,585.3,3,A,6,2021-05-26 01:45:08.000,3732,3695,-12,0.20,0.00,0.99,21.25,5.0,4,0.00,,,,,,,,13
1083613620,9229,2021-05-26 02:00:01.000,8.8253025,47.2919456,588.7,3,A,17,2021-05-26 02:00:19.000,3730,3686,-12,0.29,0.00,1.37,35.07,4.7,4,0.00,,,,,,,,13
0126708866,9229,2021-05-26 02:15:01.000,8.8253192,47.2918780,591.2,3,A,13,2021-05-26 02:15:14.000,3732,3685,-12,0.27,91.10,1.42,29.95,5.2,4,0.00,,,,,,,,13
1672545785,9229,2021-05-26 02:30:01.000,8.8255121,47.2917808,606.9,3,A,10,2021-05-26 02:30:12.000,3730,3690,-12,0.89,138.94,2.26,36.35,6.3,4,0.00,,,,,,,,13
1213809291,9229,2021-05-26 02:45:01.000,8.8254068,47.2918384,602.4,3,A,21,2021-05-26 02:45:23.000,3732,3695,-12,0.01,0.00,1.12,5.38,3.6,6,0.00,,,,,,,,13
2846054957,9229,2021-05-26 03:00:01.000,8.8253479,47.2918974,590.4,3,A,17,2021-05-26 03:00:19.000,3732,3685,-12,0.10,0.00,0.71,18.69,2.9,7,0.00,,,,,,,,13
1912301768,9229,2021-05-26 03:15:01.000,8.8254627,47.2917524,605.9,3,A,16,2021-05-26 03:15:17.000,3730,3677,-12,0.02,317.85,0.81,17.66,3.0,7,0.00,,,,,,,,13
3266693199,9229,2021-05-26 03:30:01.000,8.8253871,47.2917942,603.3,3,A,10,2021-05-26 03:30:11.999,3728,3687,-12,0.24,19.66,0.81,9.98,3.0,7,0.00,,,,,,,,13
0554309426,9229,2021-05-26 03:45:01.000,8.8254270,47.2917251,590.9,3,A,30,2021-05-26 03:45:31.000,3729,3685,-12,0.08,0.00,1.07,23.04,3.0,6,0.00,,,,,,,,13
2587212258,9229,2021-05-26 04:00:01.000,8.8254607,47.2915887,554.2,3,A,8,2021-05-26 04:00:10.000,3728,3687,-12,0.28,0.00,1.46,23.55,2.6,6,0.00,,,,,,,,13
4048967083,9229,2021-05-26 04:15:02.000,8.8252380,47.2918672,576.9,3,A,10,2021-05-26 04:15:12.000,3728,3686,-12,0.30,137.63,1.71,20.74,8.8,4,0.00,,,,,,,,13
0132514737,9229,2021-05-26 04:30:02.000,8.8254254,47.2918044,598.4,3,A,9,2021-05-26 04:30:12.000,3728,3685,-12,0.39,0.00,1.78,33.28,8.2,4,0.00,,,,,,,,13
0224726504,9229,2021-05-26 04:45:02.000,8.8252146,47.2918060,538.5,3,A,19,2021-05-26 04:45:22.000,3728,3687,-12,0.11,97.65,2.37,27.14,5.1,6,0.00,,,,,,,,13
0669336737,9229,2021-05-26 05:00:02.000,8.8253764,47.2917929,578.3,3,A,10,2021-05-26 05:00:13.000,3728,3685,-12,0.35,0.00,1.47,19.97,3.6,6,0.00,,,,,,,,13
1892652738,9229,2021-05-26 05:15:01.000,8.8252200,47.2918281,579.5,3,A,7,2021-05-26 05:15:09.000,3728,3690,-12,0.40,103.55,1.37,34.30,3.1,6,0.00,,,,,,,,13
2969292311,9229,2021-05-26 05:30:01.000,8.8255280,47.2917643,596.0,3,A,8,2021-05-26 05:30:10.000,3728,3685,-12,0.19,94.37,1.31,30.98,4.4,4,0.00,,,,,,,,13
3258080885,9229,2021-05-26 05:45:02.000,8.8255961,47.2917497,597.7,3,A,9,2021-05-26 05:45:12.000,3728,3685,-11,0.93,117.96,1.80,34.05,6.3,4,0.00,,,,,,,,13
2239019429,9229,2021-05-26 06:00:02.000,8.8253197,47.2918472,584.0,3,A,18,2021-05-26 06:00:21.000,3725,3690,-10,0.19,117.96,0.76,14.34,2.9,6,0.00,,,,,,,,13
3544415057,9229,2021-05-26 06:15:01.000,8.8253160,47.2918606,583.9,3,A,17,2021-05-26 06:15:19.000,3725,3685,-10,0.31,70.78,0.85,17.15,3.6,5,0.00,,,,,,,,13
2847317633,9229,2021-05-26 06:30:01.000,8.8253904,47.2918807,599.6,3,A,18,2021-05-26 06:30:19.000,3725,3690,-10,0.15,0.00,0.84,21.76,1.8,6,0.00,,,,,,,,13
1178484742,9229,2021-05-26 06:45:01.000,8.8254004,47.2917942,604.1,3,A,13,2021-05-26 06:45:15.000,3728,3690,-9,0.03,195.95,0.68,23.55,3.6,5,0.00,,,,,,,,13
0373694037,9229,2021-05-26 07:00:01.000,8.8254864,47.2919529,608.2,3,A,16,2021-05-26 07:00:18.000,3725,3685,-9,0.13,0.00,1.87,31.74,3.3,5,0.00,,,,,,,,13
0316288710,9229,2021-05-26 07:15:02.000,8.8254339,47.2918113,605.9,3,A,15,2021-05-26 07:15:18.000,3723,3687,-8,0.09,0.00,0.62,16.38,2.8,5,0.00,,,,,,,,13
1952096119,9229,2021-05-26 07:30:02.000,8.8254766,47.2918124,605.3,3,A,16,2021-05-26 07:30:19.000,3724,3690,-8,0.04,167.77,0.58,18.69,2.5,5,0.00,,,,,,,,13
2715979770,9229,2021-05-26 07:45:01.000,8.8254741,47.2918177,587.9,3,A,12,2021-05-26 07:45:14.000,3723,3685,-7,0.54,211.03,1.49,17.41,3.0,5,0.00,,,,,,,,13
2979255160,9229,2021-05-26 08:00:02.000,8.8255113,47.2918182,573.3,3,A,17,2021-05-26 08:00:18.999,3724,3690,-7,0.04,0.00,1.07,14.34,3.8,5,0.00,,,,,,,,13
3235258372,9229,2021-05-26 08:15:01.000,8.8255332,47.2917579,590.4,3,A,7,2021-05-26 08:15:09.000,3723,3692,-7,0.31,336.86,1.32,17.15,2.5,6,0.00,,,,,,,,13
3891307991,9229,2021-05-26 08:30:01.000,8.8255505,47.2917017,593.4,3,A,18,2021-05-26 08:30:20.000,3723,3686,-7,0.05,337.51,0.68,8.19,3.0,6,0.00,,,,,,,,13
1131560551,9229,2021-05-26 08:45:02.000,8.8254942,47.2917661,583.1,3,A,7,2021-05-26 08:45:10.000,3723,3690,-7,0.07,0.00,0.60,14.85,2.9,6,0.00,,,,,,,,13
1562238586,9229,2021-05-26 09:00:02.000,8.8253687,47.2918931,586.9,3,A,6,2021-05-26 09:00:09.000,3723,3690,-7,0.02,0.00,0.48,12.03,2.4,6,0.00,,,,,,,,13
0686742085,9229,2021-05-26 09:15:01.000,8.8254111,47.2918977,589.4,3,A,6,2021-05-26 09:15:08.000,3723,3687,-6,0.66,0.00,1.25,12.29,2.5,5,0.00,,,,,,,,13
1347136069,9229,2021-05-26 09:30:02.000,8.8253621,47.2917522,569.7,3,A,8,2021-05-26 09:30:11.000,3723,3685,-6,0.46,0.00,1.66,23.30,6.6,4,0.00,,,,,,,,13
1133652990,9229,2021-05-26 09:45:01.000,8.8253160,47.2918112,576.6,3,A,12,2021-05-26 09:45:13.000,3723,3685,-6,0.63,57.02,1.60,28.67,7.5,4,0.00,,,,,,,,13
0653081282,9229,2021-05-26 10:00:01.000,8.8252375,47.2918681,584.2,3,A,18,2021-05-26 10:00:20.000,3723,3685,-6,0.18,0.00,0.80,18.69,2.7,5,0.00,,,,,,,,13
2937393946,9229,2021-05-26 10:15:02.000,8.8250927,47.2918626,584.3,3,A,11,2021-05-26 10:15:14.000,3723,3687,-7,0.43,113.38,0.93,24.32,2.8,5,0.00,,,,,,,,13
0771216479,9229,2021-05-26 10:30:02.000,8.8253402,47.2918486,575.1,3,A,20,2021-05-26 10:30:23.000,3719,3690,-7,0.05,0.00,0.58,7.94,3.5,6,0.00,,,,,,,,13
1871738658,9229,2021-05-26 10:45:01.000,8.8253863,47.2918320,579.6,3,A,7,2021-05-26 10:45:09.000,3719,3687,-7,0.16,0.00,0.85,9.98,3.6,6,0.00,,,,,,,,13
2191116552,9229,2021-05-26 11:00:01.000,8.8253959,47.2918002,581.7,3,A,6,2021-05-26 11:00:07.000,3723,3687,-7,0.06,0.00,0.74,9.73,4.0,5,0.00,,,,,,,,13
2446074982,9229,2021-05-26 11:15:01.000,8.8255206,47.2916411,587.1,3,A,7,2021-05-26 11:15:09.000,3719,3685,-7,0.20,0.00,0.86,14.34,2.9,6,0.00,,,,,,,,13
3349083229,9229,2021-05-26 11:30:01.000,8.8253644,47.2918062,597.5,3,A,8,2021-05-26 11:30:10.000,3719,3685,-7,0.39,96.99,1.09,19.97,2.6,6,0.00,,,,,,,,13
2798368509,9229,2021-05-26 11:45:02.000,8.8254632,47.2918500,593.3,3,A,9,2021-05-26 11:45:12.000,3719,3685,-7,1.14,198.57,2.07,31.49,4.4,5,0.00,,,,,,,,13
0547247210,9229,2021-05-26 12:00:02.000,8.8255424,47.2917855,597.4,3,A,19,2021-05-26 12:00:22.000,3717,3685,-7,0.06,116.00,0.50,16.90,2.6,6,0.00,,,,,,,,13
1994394881,9229,2021-05-26 12:15:02.000,8.8255039,47.2918570,597.0,3,A,7,2021-05-26 12:15:10.000,3717,3685,-7,0.24,0.00,0.87,13.06,4.6,5,0.00,,,,,,,,13
4284311475,9229,2021-05-26 12:30:02.000,8.8253687,47.2919023,593.8,3,A,6,2021-05-26 12:30:09.000,3717,3685,-6,0.31,332.27,0.81,22.78,3.6,5,0.00,,,,,,,,13
0962939431,9229,2021-05-26 12:45:01.000,8.8254791,47.2918594,604.7,3,A,21,2021-05-26 12:45:23.000,3717,3685,-6,0.24,0.00,1.33,15.10,5.7,4,0.00,,,,,,,,13
2350123569,9229,2021-05-26 13:00:01.000,8.8254851,47.2919054,609.3,3,A,10,2021-05-26 13:00:12.000,3719,3685,-7,0.34,93.06,1.05,21.76,3.4,5,0.00,,,,,,,,13
0963658854,9229,2021-05-26 13:15:02.000,8.8255095,47.2918519,614.3,3,A,14,2021-05-26 13:15:17.000,3714,3685,-6,0.32,118.62,2.49,25.09,4.1,4,0.00,,,,,,,,13
0372616039,9229,2021-05-26 13:30:01.000,8.8253240,47.2919232,581.9,3,A,21,2021-05-26 13:30:23.000,3717,3685,-7,0.21,0.00,1.64,16.38,8.2,4,0.00,,,,,,,,13
2752741319,9229,2021-05-26 13:45:01.000,8.8253349,47.2919130,582.9,3,A,10,2021-05-26 13:45:12.000,3714,3675,-7,0.44,0.00,1.53,39.68,5.2,4,0.00,,,,,,,,13
3723073362,9229,2021-05-26 14:00:02.000,8.8253293,47.2918481,577.7,3,A,8,2021-05-26 14:00:11.000,3714,3670,-7,0.15,129.11,0.98,35.84,4.8,4,0.00,,,,,,,,13
2009233539,9229,2021-05-26 14:15:01.000,8.8255518,47.2917709,600.3,3,A,10,2021-05-26 14:15:11.000,3714,3685,-7,1.72,126.48,1.88,45.82,5.7,4,0.00,,,,,,,,13
1828925883,9229,2021-05-26 14:30:01.000,8.8254041,47.2918398,585.2,3,A,21,2021-05-26 14:30:23.000,3714,3685,-7,0.03,131.73,0.45,7.94,1.7,8,0.00,,,,,,,,13
2026410098,9229,2021-05-26 14:45:01.000,8.8254279,47.2918078,584.1,3,A,10,2021-05-26 14:45:12.000,3714,3671,-7,0.03,0.00,0.63,12.03,1.9,7,0.00,,,,,,,,13
0055379014,9229,2021-05-26 15:00:02.000,8.8254059,47.2918278,581.5,3,A,6,2021-05-26 15:00:09.000,3714,3685,-7,0.16,0.00,0.56,12.54,2.4,6,0.00,,,,,,,,13
1172184841,9229,2021-05-26 15:15:01.000,8.8254497,47.2917889,584.0,3,A,18,2021-05-26 15:15:19.000,3714,3685,-7,0.14,41.94,0.82,8.45,2.2,6,0.00,,,,,,,,13
2912185879,9229,2021-05-26 15:30:00.000,,,,0,D,150,,3714,3675,-1,,,,,,,0.00,,,,,,,,13
1018960555,9229,2021-05-26 15:45:00.000,,,,0,D,150,,3710,3685,4,,,,,,,0.00,,,,,,,,13
0171383134,9229,2021-05-26 16:00:01.000,8.8750692,47.2984304,850.4,3,A,26,2021-05-26 16:00:28.000,3707,3685,6,0.22,0.00,3.17,33.54,4.0,4,0.00,,,,,,,,13
2432772392,9229,2021-05-26 16:15:02.000,8.8753053,47.2983775,872.1,3,A,40,2021-05-26 16:15:43.000,3707,3685,7,0.66,0.00,1.78,34.05,6.7,4,0.00,,,,,,,,13
0196116948,9229,2021-05-26 16:30:01.000,8.8754123,47.2983883,872.3,3,A,23,2021-05-26 16:30:25.000,3707,3675,8,0.36,0.00,1.61,32.00,6.6,4,0.00,,,,,,,,13
0061543226,9229,2021-05-26 16:45:01.000,8.8752130,47.2983369,862.2,3,A,30,2021-05-26 16:45:32.000,3707,3685,7,0.14,0.00,1.40,24.32,6.5,4,0.00,,,,,,,,13
3232957184,9229,2021-05-26 17:00:02.000,8.8755421,47.2985174,860.2,3,A,44,2021-05-26 17:00:46.000,3707,3685,7,0.10,219.55,1.45,58.62,5.7,4,0.00,,,,,,,,13
1323159220,9229,2021-05-26 17:15:02.000,8.8411332,47.2991376,642.8,3,A,55,2021-05-26 17:15:58.000,3704,3670,7,9.44,208.40,1.66,37.38,5.9,5,0.00,,,,,,,,13
3011004861,9229,2021-05-26 17:30:02.000,8.7588213,47.2492978,539.0,3,A,102,2021-05-26 17:31:45.000,3704,3677,7,8.05,174.33,2.86,51.71,5.4,5,0.00,,,,,,,,13
1970824265,9229,2021-05-26 17:45:00.000,,,,0,D,150,,3699,3670,6,,,,,,,0.00,,,,,,,,13
2725634234,9229,2021-05-26 18:00:00.000,,,,0,D,150,,3696,3660,7,,,,,,,0.00,,,,,,,,13
3752617223,9229,2021-05-26 18:15:00.000,,,,0,D,150,,3695,3653,7,,,,,,,0.00,,,,,,,,13
0391505642,9229,2021-05-26 18:30:00.000,,,,0,D,150,,3690,3656,7,,,,,,,0.00,,,,,,,,13
1668510417,9229,2021-05-26 18:45:00.000,,,,0,D,150,,3687,3657,7,,,,,,,0.00,,,,,,,,13
2820340318,9229,2021-05-26 19:00:00.000,,,,0,D,152,,3685,3652,7,,,,,,,0.00,,,,,,,,13
3865673659,9229,2021-05-26 19:15:00.000,,,,0,D,150,,3685,3649,7,,,,,,,0.00,,,,,,,,13
0833817269,9229,2021-05-26 19:30:00.000,,,,0,D,150,,3685,3649,7,,,,,,,0.00,,,,,,,,13
2040829053,9229,2021-05-26 19:45:00.000,,,,0,D,150,,3685,3647,7,,,,,,,0.00,,,,,,,,13
3176209423,9229,2021-05-26 20:00:00.000,,,,0,D,150,,3685,3647,7,,,,,,,0.00,,,,,,,,13
0014525331,9229,2021-05-26 20:15:00.000,,,,0,D,151,,3685,3642,7,,,,,,,0.00,,,,,,,,13
0972891591,9229,2021-05-26 20:30:00.000,,,,0,D,150,,3685,3640,6,,,,,,,0.00,,,,,,,,13
1998170625,9229,2021-05-26 20:45:00.000,,,,0,D,150,,3677,3637,6,,,,,,,0.00,,,,,,,,13
3096457327,9229,2021-05-26 21:00:00.000,,,,0,D,150,,3675,3637,6,,,,,,,0.00,,,,,,,,13
4264999173,9229,2021-05-26 21:15:00.000,,,,0,D,150,,3673,3632,7,,,,,,,0.00,,,,,,,,13
0759182975,9229,2021-05-26 21:30:00.000,,,,0,D,151,,3668,3627,7,,,,,,,0.00,,,,,,,,13
1587918143,9229,2021-05-26 21:45:00.000,,,,0,D,150,,3665,3618,7,,,,,,,0.00,,,,,,,,13
2034051267,9229,2021-05-26 22:00:00.000,,,,0,D,150,,3656,3608,7,,,,,,,0.00,,,,,,,,13
2336331757,9229,2021-05-26 22:15:00.000,,,,0,D,150,,3647,3593,7,,,,,,,0.00,,,,,,,,13
2330394147,9229,2021-05-26 22:30:00.000,,,,0,D,150,,3632,3580,7,,,,,,,0.00,,,,,,,,13
2357028187,9229,2021-05-26 22:45:00.000,,,,0,D,151,,3618,3560,8,,,,,,,0.00,,,,,,,,13
3180808797,9229,2021-05-26 23:15:00.000,,,,0,D,150,,3601,3541,7,,,,,,,0.00,,,,,,,,13
0870292850,9229,2021-05-27 08:45:00.000,,,,0,D,150,,3601,3531,-7,,,,,,,0.00,,,,,,,,13
1391064766,9229,2021-05-27 09:15:00.000,,,,0,D,150,,3623,3553,-4,,,,,,,0.00,,,,,,,,13
2868938817,9229,2021-05-27 09:30:00.000,,,,0,D,150,,3625,3553,-3,,,,,,,0.00,,,,,,,,13
2200230614,9229,2021-05-27 09:45:00.000,,,,0,D,151,,3608,3531,-6,,,,,,,0.00,,,,,,,,13
4014860457,9229,2021-05-27 10:00:02.000,8.7557282,47.2463057,599.5,3,A,121,2021-05-27 10:02:04.000,3608,3555,-4,0.22,0.00,3.10,36.10,18.1,4,0.00,,,,,,,,13
3477786536,9229,2021-05-27 10:15:02.000,8.7557253,47.2464869,546.8,3,A,27,2021-05-27 10:15:30.000,3610,3572,-3,0.09,0.00,2.69,29.70,14.9,4,0.00,,,,,,,,13
3724411648,9229,2021-05-27 10:30:02.000,8.7556915,47.2464638,544.6,3,A,9,2021-05-27 10:30:12.000,3647,3603,-2,0.13,0.00,2.02,22.53,8.8,4,0.00,,,,,,,,13
1376452265,9229,2021-05-27 10:45:02.000,8.7557255,47.2464006,562.6,3,A,35,2021-05-27 10:45:38.000,3656,3618,-4,0.30,0.00,1.43,22.78,5.6,4,0.00,,,,,,,,13
1698080237,9229,2021-05-27 11:00:02.000,8.7557866,47.2463955,552.3,3,A,28,2021-05-27 11:00:31.000,3685,3652,1,0.08,124.52,1.63,25.09,4.4,4,0.00,,,,,,,,13
2852102414,9229,2021-05-27 11:15:01.000,8.7557967,47.2463623,565.9,3,A,75,2021-05-27 11:16:17.000,3697,3662,-1,0.13,0.00,2.02,28.93,4.0,4,0.00,,,,,,,,13
3864183844,9229,2021-05-27 11:30:01.000,8.7558338,47.2463742,553.2,3,A,46,2021-05-27 11:30:48.000,3704,3685,3,0.70,140.25,2.94,44.29,4.0,4,0.00,,,,,,,,13
0981376005,9229,2021-05-27 11:45:02.000,8.7554121,47.2466727,541.8,3,A,45,2021-05-27 11:45:48.000,3714,3685,3,0.17,296.88,2.23,48.38,3.6,5,0.00,,,,,,,,13
0984681406,9229,2021-05-27 12:00:02.000,8.7557145,47.2464493,556.6,3,A,27,2021-05-27 12:00:30.000,3748,3704,13,0.53,0.00,1.22,29.44,2.4,6,0.00,,,,,,,,13
2905803756,9229,2021-05-27 12:15:02.000,8.7558447,47.2464069,560.2,3,A,50,2021-05-27 12:15:53.000,3754,3714,17,1.54,313.92,1.76,38.40,2.1,7,0.00,,,,,,,,13
0691021781,9229,2021-05-27 12:30:01.000,8.7557240,47.2464274,554.5,3,A,28,2021-05-27 12:30:30.000,3781,3742,22,0.51,128.45,1.79,39.68,2.6,6,0.00,,,,,,,,13
2761917619,9229,2021-05-27 12:45:02.000,8.7557307,47.2464635,546.6,3,A,27,2021-05-27 12:45:30.000,3789,3773,27,0.42,0.00,1.83,25.09,8.0,4,0.00,,,,,,,,13
2800390916,9229,2021-05-27 13:00:00.000,8.7556766,47.2464305,551.5,3,A,16,2021-05-27 13:00:18.000,3792,3767,35,0.35,325.06,2.86,38.66,9.0,4,0.00,,,,,,,,13
2091770022,9229,2021-05-27 13:15:02.000,8.7557339,47.2464121,572.6,3,A,21,2021-05-27 13:15:24.000,3784,3762,10,0.18,0.00,1.16,21.50,11.0,4,0.00,,,,,,,,13
4228661620,9229,2021-05-27 13:30:02.000,8.7556754,47.2464477,554.2,3,A,17,2021-05-27 13:30:20.000,3790,3764,8,0.40,0.00,2.67,45.57,14.4,4,0.00,,,,,,,,13
3987338813,9229,2021-05-27 13:45:02.000,8.7560877,47.2463015,543.3,3,A,10,2021-05-27 13:45:13.000,3800,3774,9,3.47,119.93,3.87,82.69,16.4,4,0.00,,,,,,,,13
2860675224,9229,2021-05-27 14:00:01.000,8.7557918,47.2464027,548.9,3,A,12,2021-05-27 14:00:14.000,3790,3762,7,1.47,116.00,3.42,78.59,13.3,4,0.00,,,,,,,,13
2612583517,9229,2021-05-27 14:15:02.000,8.7555839,47.2465400,556.0,3,A,38,2021-05-27 14:15:41.000,3792,3767,4,0.55,65.54,1.96,35.84,7.2,4,0.00,,,,,,,,13
1253696104,9229,2021-05-27 14:30:01.000,8.7554256,47.2465652,559.6,3,A,36,2021-05-27 14:30:38.000,3795,3764,6,0.81,301.47,4.07,66.82,6.7,4,0.00,,,,,,,,13
1975002572,9229,2021-05-27 14:45:02.000,8.7557569,47.2463975,544.3,3,A,38,2021-05-27 14:45:41.000,3790,3762,2,0.40,0.00,1.45,20.99,7.1,4,0.00,,,,,,,,13
3873926798,9229,2021-05-27 15:00:01.000,8.7559063,47.2463861,558.1,3,A,17,2021-05-27 15:00:19.000,3804,3781,5,4.94,118.62,3.89,61.70,14.7,4,0.00,,,,,,,,13
1946500646,9229,2021-05-27 15:15:01.000,8.7557393,47.2464344,560.5,3,A,45,2021-05-27 15:15:47.000,3800,3773,6,0.24,0.00,1.04,17.92,4.4,4,0.00,,,,,,,,13
0370887841,9229,2021-05-27 15:30:01.000,8.7557186,47.2464728,553.8,3,A,15,2021-05-27 15:30:17.000,3795,3771,5,0.22,0.00,1.08,17.41,2.8,5,0.00,,,,,,,,13
1533480073,9229,2021-05-27 15:45:01.000,8.7557277,47.2464395,559.5,3,A,21,2021-05-27 15:45:23.000,3795,3769,3,0.59,268.70,3.06,28.93,5.0,4,0.00,,,,,,,,13
1415468447,9229,2021-05-27 16:00:01.000,8.7557432,47.2464253,551.7,3,A,142,2021-05-27 16:02:23.000,3795,3762,2,0.10,0.00,0.60,13.57,3.8,5,0.00,,,,,,,,13
1066394474,9229,2021-05-27 16:15:01.000,8.7556012,47.2464888,543.3,3,A,10,2021-05-27 16:15:12.000,3795,3764,3,0.63,89.78,1.70,19.97,7.7,4,0.00,,,,,,,,13
0046702796,9229,2021-05-27 16:30:02.000,8.7555929,47.2464580,547.7,3,A,10,2021-05-27 16:30:13.000,3792,3767,0,0.56,96.34,1.48,26.62,5.5,4,0.00,,,,,,,,13
1565649579,9229,2021-05-27 16:45:01.000,8.7556848,47.2464572,558.6,3,A,14,2021-05-27 16:45:16.000,3795,3764,1,0.38,85.85,1.11,20.22,3.5,5,0.00,,,,,,,,13
3619563426,9229,2021-05-27 17:00:02.000,8.7557872,47.2464020,563.3,3,A,15,2021-05-27 17:00:18.000,3790,3762,-3,0.06,0.00,0.89,14.34,3.4,5,0.00,,,,,,,,13
1294178727,9229,2021-05-27 17:15:02.000,8.7556336,47.2464459,542.0,3,A,17,2021-05-27 17:15:20.000,3790,3762,-4,0.57,108.13,1.61,32.00,5.8,4,0.00,,,,,,,,13
3129965911,9229,2021-05-27 17:30:02.000,8.7557021,47.2464521,557.0,3,A,20,2021-05-27 17:30:23.000,3789,3757,-5,0.16,309.33,1.85,43.26,7.5,4,0.00,,,,,,,,13
2877676539,9229,2021-05-27 17:45:01.000,8.7555238,47.2465114,536.8,3,A,37,2021-05-27 17:45:39.000,3786,3752,-8,0.33,112.07,1.29,26.11,4.7,5,0.00,,,,,,,,13
1820509387,9229,2021-05-27 18:00:01.000,8.7557961,47.2464314,548.9,3,A,26,2021-05-27 18:00:28.000,3784,3752,-7,0.06,0.00,1.81,25.34,4.3,5,0.00,,,,,,,,13
0696810883,9229,2021-05-27 18:15:02.000,8.7552353,47.2460191,613.9,3,A,14,2021-05-27 18:15:17.000,3782,3742,-8,0.08,0.00,2.20,56.06,22.4,4,0.00,,,,,,,,13
3651678894,9229,2021-05-27 18:30:01.000,8.7556021,47.2464540,545.2,3,A,18,2021-05-27 18:30:20.000,3781,3747,-9,0.30,0.00,2.02,25.09,11.0,4,0.00,,,,,,,,13
0442327768,9229,2021-05-27 18:45:02.000,8.7557603,47.2464385,575.8,3,A,74,2021-05-27 18:46:17.000,3781,3735,-9,0.29,0.00,2.16,22.02,13.3,4,0.00,,,,,,,,13
2889208022,9229,2021-05-27 19:00:01.000,8.7558049,47.2464035,585.1,3,A,15,2021-05-27 19:00:17.000,3781,3737,-9,0.11,0.00,2.17,26.11,11.9,4,0.00,,,,,,,,13
4043006424,9229,2021-05-27 19:15:01.000,8.7557968,47.2463689,583.9,3,A,19,2021-05-27 19:15:21.000,3776,3742,-10,0.17,0.00,2.18,25.60,11.1,4,0.00,,,,,,,,13
4254346471,9229,2021-05-27 19:30:01.000,8.7556945,47.2464339,553.8,3,A,16,2021-05-27 19:30:17.999,3776,3742,-11,0.15,0.00,2.15,39.94,10.7,4,0.00,,,,,,,,13
1962912118,9229,2021-05-27 19:45:01.000,8.7559812,47.2462972,598.5,3,A,15,2021-05-27 19:45:17.000,3776,3739,-11,0.34,0.00,2.26,44.03,10.6,4,0.00,,,,,,,,13
0401608616,9229,2021-05-27 20:00:01.000,8.7556924,47.2464331,560.3,3,A,14,2021-05-27 20:00:15.000,3776,3737,-10,0.29,0.00,2.33,45.57,10.6,4,0.00,,,,,,,,13
0414088087,9229,2021-05-27 20:15:01.000,8.7556502,47.2464425,553.0,3,A,21,2021-05-27 20:15:23.000,3776,3742,-10,0.36,0.00,2.29,55.55,10.7,4,0.00,,,,,,,,13
0201563280,9229,2021-05-27 20:30:01.000,8.7556516,47.2464463,550.3,3,A,18,2021-05-27 20:30:20.000,3776,3739,-10,0.51,135.66,2.34,35.84,7.1,5,0.00,,,,,,,,13
2959033108,9229,2021-05-27 20:45:01.000,8.7556277,47.2465939,531.2,3,A,35,2021-05-27 20:45:37.000,3776,3742,-10,0.35,130.42,4.11,52.22,10.6,5,0.00,,,,,,,,13
4008966068,9229,2021-05-27 21:00:01.000,,,,0,B,24,2021-05-27 21:00:26.000,3774,3742,-10,,,,,,,0.00,,,,,,,,13
0091142256,9229,2021-05-27 21:15:01.000,8.7557020,47.2464265,556.2,3,A,51,2021-05-27 21:15:53.000,3774,3739,-9,0.08,0.00,0.92,12.03,3.4,5,0.00,,,,,,,,13
1586735718,9229,2021-05-27 21:30:01.000,8.7556020,47.2465139,538.8,3,A,37,2021-05-27 21:30:39.000,3774,3742,-10,0.65,127.14,3.53,47.36,6.5,5,0.00,,,,,,,,13
2200166065,9229,2021-05-27 21:45:01.000,8.7557326,47.2464337,556.0,3,A,43,2021-05-27 21:45:45.000,3773,3737,-12,0.16,123.21,1.37,19.97,5.7,5,0.00,,,,,,,,13
0693820333,9229,2021-05-27 22:00:01.000,8.7557783,47.2464236,562.2,3,A,11,2021-05-27 22:00:13.000,3771,3737,-11,0.06,0.00,1.28,12.03,4.9,5,0.00,,,,,,,,13
3918654923,9229,2021-05-27 22:15:01.000,8.7556291,47.2464514,537.9,3,A,16,2021-05-27 22:15:18.000,3771,3735,-12,0.12,108.79,1.27,22.78,5.3,4,0.00,,,,,,,,13
4247983389,9229,2021-05-27 22:30:01.000,8.7557745,47.2464105,554.0,3,A,16,2021-05-27 22:30:18.000,3771,3732,-13,0.10,0.00,1.07,16.13,4.6,4,0.00,,,,,,,,13
3596667962,9229,2021-05-27 22:45:01.000,8.7557830,47.2464402,559.2,3,A,16,2021-05-27 22:45:18.000,3771,3730,-14,0.16,0.00,1.08,26.88,4.7,4,0.00,,,,,,,,13
4231584698,9229,2021-05-27 23:00:01.000,8.7557536,47.2464175,558.5,3,A,25,2021-05-27 23:00:27.000,3771,3732,-14,0.04,131.07,1.63,37.38,6.2,4,0.00,,,,,,,,13
2586485938,9229,2021-05-27 23:15:01.000,8.7549615,47.2469766,558.6,3,A,28,2021-05-27 23:15:30.000,3771,3723,-14,3.15,308.67,6.50,91.39,11.8,4,0.00,,,,,,,,13
0346185788,9229,2021-05-27 23:30:01.000,8.7554019,47.2467053,546.5,3,A,21,2021-05-27 23:30:23.000,3769,3728,-14,0.12,319.16,2.75,72.19,15.5,4,0.00,,,,,,,,13
0765551195,9229,2021-05-27 23:45:01.000,8.7556241,47.2465134,547.5,3,A,16,2021-05-27 23:45:18.000,3767,3728,-15,0.11,140.90,3.00,72.19,12.0,4,0.00,,,,,,,,13
2071896914,9229,2021-05-28 00:00:01.000,8.7557144,47.2464473,554.2,3,A,51,2021-05-28 00:00:53.000,3767,3728,-14,0.01,0.00,0.59,10.75,2.2,6,0.00,,,,,,,,13
1566909954,9229,2021-05-28 00:15:01.000,8.7557480,47.2464210,554.7,3,A,27,2021-05-28 00:15:29.000,3768,3730,-14,0.73,112.07,2.60,40.19,2.6,5,0.00,,,,,,,,13
1950734268,9229,2021-05-28 00:30:01.000,8.7556121,47.2464969,542.6,3,A,46,2021-05-28 00:30:48.000,3768,3728,-14,0.10,119.93,2.04,36.10,2.9,5,0.00,,,,,,,,13
0345802543,9229,2021-05-28 00:45:01.000,8.7556581,47.2464682,544.1,3,A,27,2021-05-28 00:45:29.000,3768,3719,-14,0.68,294.91,1.70,31.49,3.0,6,0.00,,,,,,,,13
1776050181,9229,2021-05-28 01:00:01.000,8.7559149,47.2463865,559.5,3,A,25,2021-05-28 01:00:27.000,3767,3728,-15,0.27,0.00,0.92,24.32,3.9,5,0.00,,,,,,,,13
0188743008,9229,2021-05-28 01:15:01.000,8.7557387,47.2464328,552.4,3,A,12,2021-05-28 01:15:14.000,3767,3723,-15,0.11,0.00,1.03,19.97,4.0,5,0.00,,,,,,,,13
1299902902,9229,2021-05-28 01:30:01.000,8.7557556,47.2464002,555.7,3,A,9,2021-05-28 01:30:11.000,3767,3717,-15,0.02,337.51,0.94,12.54,3.9,5,0.00,,,,,,,,13
4249461036,9229,2021-05-28 01:45:01.000,8.7557035,47.2464126,538.3,3,A,10,2021-05-28 01:45:12.000,3767,3719,-15,0.26,0.00,0.92,14.08,3.7,5,0.00,,,,,,,,13
0083920335,9229,2021-05-28 02:00:01.000,8.7558156,47.2464238,553.2,3,A,7,2021-05-28 02:00:09.000,3767,3729,-15,0.11,0.00,0.91,16.13,3.6,5,0.00,,,,,,,,13
4023951554,9229,2021-05-28 02:15:01.000,8.7556465,47.2464381,550.0,3,A,17,2021-05-28 02:15:19.000,3767,3723,-15,0.01,0.00,2.97,30.46,19.3,4,0.00,,,,,,,,13
3779353515,9229,2021-05-28 02:30:01.000,8.7557204,47.2464418,560.6,3,A,26,2021-05-28 02:30:28.000,3767,3719,-15,0.25,0.00,3.07,58.88,15.8,4,0.00,,,,,,,,13
3891062714,9229,2021-05-28 02:45:01.000,8.7553664,47.2466667,567.7,3,A,16,2021-05-28 02:45:18.000,3767,3728,-15,0.49,0.00,3.19,78.34,12.8,4,0.00,,,,,,,,13
2621981504,9229,2021-05-28 03:00:01.000,8.7556039,47.2465590,551.8,3,A,31,2021-05-28 03:00:33.000,3767,3717,-14,0.50,0.00,2.43,51.97,4.9,5,0.00,,,,,,,,13
2381579179,9229,2021-05-28 03:15:01.000,8.7556020,47.2465435,560.5,3,A,29,2021-05-28 03:15:31.000,3767,3723,-15,0.12,313.92,2.36,50.18,8.3,4,0.00,,,,,,,,13
3591080252,9229,2021-05-28 03:30:01.000,8.7555845,47.2465048,564.7,3,A,22,2021-05-28 03:30:24.000,3767,3723,-15,0.30,309.99,3.12,70.14,5.4,5,0.00,,,,,,,,13
0701356809,9229,2021-05-28 03:45:01.000,8.7556131,47.2464678,570.5,3,A,20,2021-05-28 03:45:22.000,3767,3728,-15,0.22,0.00,2.06,54.53,5.1,5,0.00,,,,,,,,13
1989403768,9229,2021-05-28 04:00:01.000,8.7557540,47.2464071,552.2,3,A,10,2021-05-28 04:00:12.000,3767,3728,-15,0.05,0.00,1.22,56.06,5.6,4,0.00,,,,,,,,13
3316503942,9229,2021-05-28 04:15:02.000,,,,0,D,150,2021-05-28 04:17:32.000,3767,3723,-15,,,,,,,0.00,,,,,,,,13
3990957628,9229,2021-05-28 04:30:01.000,8.7555364,47.2464785,519.8,3,A,35,2021-05-28 04:30:38.000,3767,3724,-14,0.11,103.55,3.25,29.95,19.8,5,0.00,,,,,,,,13
3327393998,9229,2021-05-28 04:45:02.000,8.7556296,47.2465020,542.0,3,A,12,2021-05-28 04:45:15.000,3767,3723,-14,0.10,0.00,1.22,20.74,7.4,5,0.00,,,,,,,,13
1679176477,9229,2021-05-28 05:00:01.000,8.7556965,47.2464299,540.8,3,A,16,2021-05-28 05:00:18.000,3767,3723,-14,0.09,102.89,1.07,18.18,5.1,5,0.00,,,,,,,,13
2075316222,9229,2021-05-28 05:15:02.000,8.7555740,47.2465042,544.1,3,A,12,2021-05-28 05:15:14.000,3767,3728,-13,0.24,304.74,1.22,24.58,4.5,5,0.00,,,,,,,,13
1781617061,9229,2021-05-28 05:30:02.000,8.7556063,47.2464737,542.8,3,A,22,2021-05-28 05:30:25.000,3768,3732,-13,0.13,0.00,1.24,37.38,4.5,5,0.00,,,,,,,,13
2098569721,9229,2021-05-28 05:45:01.000,8.7558360,47.2463729,561.2,3,A,21,2021-05-28 05:45:23.000,3771,3730,-12,0.22,0.00,1.45,44.54,4.2,6,0.00,,,,,,,,13
1758209677,9229,2021-05-28 06:00:01.000,8.7565800,47.2461277,573.8,3,A,38,2021-05-28 06:00:40.000,3771,3732,-11,1.89,55.05,5.80,89.34,7.5,4,0.00,,,,,,,,13
1126750097,9229,2021-05-28 06:15:02.000,8.7557741,47.2464127,546.4,3,A,50,2021-05-28 06:15:53.000,3774,3737,-9,0.07,0.00,0.50,12.54,2.7,4,0.00,,,,,,,,13
0520347502,9229,2021-05-28 06:30:01.000,8.7557385,47.2464002,557.4,3,A,35,2021-05-28 06:30:37.000,3776,3739,-7,0.16,0.00,0.80,20.22,2.4,4,0.00,,,,,,,,13
2588918453,9229,2021-05-28 06:45:01.000,8.7557438,47.2464006,556.9,3,A,75,2021-05-28 06:46:17.000,3776,3745,-5,0.03,0.00,1.20,16.64,3.8,4,0.00,,,,,,,,13
3418448943,9229,2021-05-28 07:00:01.000,8.7557944,47.2464015,565.2,3,A,39,2021-05-28 07:00:41.000,3776,3747,-4,0.33,356.52,3.54,42.50,4.7,4,0.00,,,,,,,,13
2849847746,9229,2021-05-28 07:15:01.000,8.7555231,47.2463966,539.0,3,A,21,2021-05-28 07:15:23.000,3781,3747,-2,0.03,51.12,2.56,46.08,4.2,5,0.00,,,,,,,,13
2372196345,9229,2021-05-28 07:30:01.000,8.7557043,47.2464640,544.9,3,A,19,2021-05-28 07:30:21.000,3781,3754,-1,0.09,69.47,1.43,28.16,4.2,5,0.00,,,,,,,,13
0462849853,9229,2021-05-28 07:45:01.000,8.7557826,47.2463896,561.6,3,A,17,2021-05-28 07:45:19.000,3795,3771,4,0.05,123.21,1.03,19.20,3.8,5,0.00,,,,,,,,13
1176614609,9229,2021-05-28 08:00:01.000,8.7558732,47.2463193,583.1,3,A,18,2021-05-28 08:00:20.000,3802,3771,6,1.03,129.11,2.05,35.84,3.3,5,0.00,,,,,,,,13
3430852377,9229,2021-05-28 08:15:02.000,8.7558905,47.2463713,569.7,3,A,15,2021-05-28 08:15:18.000,3804,3764,8,0.30,117.96,1.81,34.05,3.0,5,0.00,,,,,,,,13
1930754451,9229,2021-05-28 08:30:02.000,8.7556957,47.2464412,548.2,3,A,9,2021-05-28 08:30:12.000,3819,3789,14,0.94,119.93,1.58,19.46,6.8,4,0.00,,,,,,,,13
3782674692,9229,2021-05-28 08:45:02.000,8.7556892,47.2464359,548.3,3,A,38,2021-05-28 08:45:41.000,3829,3800,20,0.02,0.00,0.72,12.80,6.2,4,0.00,,,,,,,,13
0621156046,9229,2021-05-28 09:00:01.000,8.7557572,47.2464167,553.7,3,A,11,2021-05-28 09:00:13.000,3839,3819,25,0.47,0.00,1.45,18.69,6.1,4,0.00,,,,,,,,13
2648930005,9229,2021-05-28 09:15:01.000,8.7556429,47.2464616,540.1,3,A,34,2021-05-28 09:15:36.000,3839,3824,30,0.21,0.00,1.59,28.16,6.4,4,0.00,,,,,,,,13
1893206856,9229,2021-05-28 09:30:02.000,8.7557554,47.2464544,558.3,3,A,101,2021-05-28 09:31:44.000,3853,3834,31,0.12,0.00,1.25,45.06,2.6,5,0.00,,,,,,,,13
2711838674,9229,2021-05-28 09:45:00.000,8.7558156,47.2461309,606.2,3,A,73,2021-05-28 09:46:15.000,3859,3839,35,0.06,0.00,3.42,55.30,6.1,4,0.00,,,,,,,,13
1962741494,9229,2021-05-28 10:00:02.000,8.7556875,47.2465530,509.9,3,A,50,2021-05-28 10:00:53.000,3862,3839,35,0.18,0.00,2.80,36.10,18.1,4,0.00,,,,,,,,13
3220859296,9229,2021-05-28 10:15:00.000,8.7557257,47.2464010,573.2,3,A,20,2021-05-28 10:15:21.000,3861,3846,36,0.26,0.00,2.52,27.14,13.0,4,0.00,,,,,,,,13
0256901737,9229,2021-05-28 10:30:00.000,8.7558043,47.2464142,555.1,3,A,21,2021-05-28 10:30:22.000,3889,3867,41,0.11,0.00,1.85,39.42,7.6,4,0.00,,,,,,,,13
3344517143,9229,2021-05-28 10:45:01.000,8.7558047,47.2463912,572.1,3,A,34,2021-05-28 10:45:36.000,3908,3879,43,0.05,0.00,1.25,25.34,5.2,4,0.00,,,,,,,,13
3429021998,9229,2021-05-28 11:00:01.000,8.7560845,47.2463284,583.6,3,A,27,2021-05-28 11:00:29.000,3941,3920,45,0.38,110.10,3.15,47.10,3.7,5,0.00,,,,,,,,13
2216626605,9229,2021-05-28 11:15:00.000,8.7558527,47.2463557,560.2,3,A,12,2021-05-28 11:15:13.000,3973,3944,48,0.13,314.57,2.42,58.88,10.9,4,0.00,,,,,,,,13
3830405057,9229,2021-05-28 11:30:00.000,8.7557982,47.2465024,562.4,3,A,11,2021-05-28 11:30:12.000,3997,3975,48,0.36,0.00,2.27,46.34,3.2,5,0.00,,,,,,,,13
1735930727,9229,2021-05-28 11:45:01.000,8.7557799,47.2463874,554.3,3,A,11,2021-05-28 11:45:13.000,4020,4006,50,0.10,0.00,1.28,36.35,5.6,4,0.00,,,,,,,,13
3859172001,9229,2021-05-28 12:00:00.000,8.7556786,47.2463951,544.2,3,A,16,2021-05-28 12:00:17.000,4025,4013,54,1.47,325.06,2.62,44.80,3.8,4,0.00,,,,,,,,13
1378681792,9229,2021-05-28 12:15:00.000,8.7559801,47.2464445,564.4,3,A,32,2021-05-28 12:15:33.000,4027,4016,56,0.31,0.00,1.34,50.43,3.1,4,0.00,,,,,,,,13
2153952526,9229,2021-05-28 12:30:00.000,8.7556685,47.2464559,556.7,3,A,49,2021-05-28 12:30:50.000,4030,4020,55,0.34,0.00,2.26,40.45,5.2,4,0.00,,,,,,,,13
4267554642,9229,2021-05-28 12:45:01.000,8.7557244,47.2464247,557.2,3,A,35,2021-05-28 12:45:37.000,4030,4020,52,0.03,0.00,0.69,22.02,7.5,5,0.00,,,,,,,,13
2895751043,9229,2021-05-28 13:00:00.000,8.7556641,47.2464648,548.1,3,A,21,2021-05-28 13:00:22.000,4030,4020,58,0.12,0.00,1.62,21.76,8.9,5,0.00,,,,,,,,13
0326427797,9229,2021-05-28 13:15:00.000,8.7557486,47.2464476,546.1,3,A,14,2021-05-28 13:15:15.000,4030,4020,59,0.02,0.00,1.55,23.30,6.9,5,0.00,,,,,,,,13
0940134422,9229,2021-05-28 13:30:01.000,8.7557261,47.2464625,545.6,3,A,10,2021-05-28 13:30:12.000,4030,4020,56,0.03,298.84,1.01,24.32,5.0,5,0.00,,,,,,,,13
3065247573,9229,2021-05-28 13:45:00.000,8.7557559,47.2464355,543.3,3,A,5,2021-05-28 13:45:07.000,4027,4020,56,0.35,321.78,0.89,26.88,4.5,5,0.00,,,,,,,,13
0170358143,9229,2021-05-28 14:00:02.000,8.7555986,47.2465069,549.7,3,A,4,2021-05-28 14:00:07.000,4030,4020,54,0.25,0.00,0.85,28.42,5.0,5,0.00,,,,,,,,13
3255994054,9229,2021-05-28 14:15:00.000,8.7561714,47.2462360,534.5,3,A,18,2021-05-28 14:15:19.000,4030,4020,53,0.24,123.86,1.62,52.22,6.3,4,0.00,,,,,,,,13
1027886152,9229,2021-05-28 14:30:00.000,8.7557431,47.2464529,551.1,3,A,9,2021-05-28 14:30:10.000,4027,4018,51,0.22,87.16,1.60,60.42,6.1,5,0.00,,,,,,,,13
1306012873,9229,2021-05-28 14:45:01.000,8.7554580,47.2465570,546.7,3,A,25,2021-05-28 14:45:27.000,4020,4013,44,1.30,298.84,5.48,85.76,7.7,4,0.00,,,,,,,,13
0156134447,9229,2021-05-28 15:00:01.000,8.7552168,47.2466591,551.4,3,A,39,2021-05-28 15:00:41.000,4011,4000,29,3.35,299.50,4.02,75.26,21.6,4,0.00,,,,,,,,13
3250032213,9229,2021-05-28 15:15:00.000,8.7557921,47.2464285,553.6,3,A,37,2021-05-28 15:15:38.000,4011,3992,19,0.21,114.69,0.92,24.83,2.8,5,0.00,,,,,,,,13
0908039580,9229,2021-05-28 15:30:02.000,8.7556869,47.2464782,546.0,3,A,17,2021-05-28 15:30:19.000,4001,3979,8,0.18,0.00,0.60,14.85,2.8,5,0.00,,,,,,,,13
2855652425,9229,2021-05-28 15:45:01.000,8.7556447,47.2464307,536.7,3,A,22,2021-05-28 15:45:24.000,3997,3975,5,0.55,273.94,3.00,41.47,5.5,4,0.00,,,,,,,,13
3534217314,9229,2021-05-28 16:00:02.000,8.7557386,47.2464409,556.2,3,A,38,2021-05-28 16:00:41.000,3997,3973,4,0.13,0.00,0.92,10.24,3.9,5,0.00,,,,,,,,13
2795229411,9229,2021-05-28 16:15:01.000,8.7557293,47.2464506,561.8,3,A,12,2021-05-28 16:15:14.000,3995,3973,2,0.08,0.00,0.99,10.75,4.3,5,0.00,,,,,,,,13
4106935831,9229,2021-05-28 16:30:02.000,8.7556951,47.2464751,559.8,3,A,16,2021-05-28 16:30:19.000,3992,3963,1,0.16,133.69,0.98,13.06,4.1,5,0.00,,,,,,,,13
0833593314,9229,2021-05-28 16:45:01.000,8.7559127,47.2463472,584.5,3,A,15,2021-05-28 16:45:16.000,3992,3968,-1,0.11,319.82,1.54,22.53,3.8,5,0.00,,,,,,,,13
3202187149,9229,2021-05-28 17:00:02.000,8.7557155,47.2464500,553.0,3,A,10,2021-05-28 17:00:13.000,3992,3963,-2,0.51,117.96,1.07,19.71,3.9,5,0.00,,,,,,,,13
0177264445,9229,2021-05-28 17:15:01.000,8.7557512,47.2464126,563.4,3,A,11,2021-05-28 17:15:13.000,3992,3958,-3,0.72,119.93,1.97,37.89,8.6,4,0.00,,,,,,,,13
3996443835,9229,2021-05-28 17:30:01.000,8.7557153,47.2464438,549.4,3,A,45,2021-05-28 17:30:47.000,3992,3959,-4,0.05,0.00,1.23,13.82,4.7,4,0.00,,,,,,,,13
3852047025,9229,2021-05-28 17:45:01.000,8.7556434,47.2464624,546.1,3,A,16,2021-05-28 17:45:18.000,3985,3953,-5,0.07,0.00,1.25,20.74,4.6,4,0.00,,,,,,,,13
2745251322,9229,2021-05-28 18:00:02.000,8.7557339,47.2464501,553.0,3,A,12,2021-05-28 18:00:15.000,3984,3955,-6,0.18,0.00,0.70,15.36,2.7,5,0.00,,,,,,,,13
3514939999,9229,2021-05-28 18:15:01.000,8.7557975,47.2463890,562.0,3,A,16,2021-05-28 18:15:18.000,3985,3953,-7,0.25,0.00,1.46,21.76,2.5,5,0.00,,,,,,,,13
2454765798,9229,2021-05-28 18:30:02.000,8.7558566,47.2465385,515.7,3,A,14,2021-05-28 18:30:17.000,3983,3953,-7,0.28,0.00,2.04,36.86,6.6,5,0.00,,,,,,,,13
2397541608,9229,2021-05-28 18:45:01.000,8.7559722,47.2464411,554.9,3,A,10,2021-05-28 18:45:12.000,3983,3945,-8,0.79,96.99,2.25,37.63,12.9,4,0.00,,,,,,,,13
0593993000,9229,2021-05-28 19:00:02.000,8.7556477,47.2464527,523.7,3,A,14,2021-05-28 19:00:17.000,3978,3946,-9,0.28,100.93,1.99,28.67,11.6,4,0.00,,,,,,,,13
0011040935,9229,2021-05-28 19:15:01.000,8.7557255,47.2464666,537.6,3,A,19,2021-05-28 19:15:21.000,3978,3953,-9,0.07,0.00,1.71,27.65,11.0,4,0.00,,,,,,,,13
2044993820,9229,2021-05-28 19:30:01.000,8.7554651,47.2465234,524.4,3,A,9,2021-05-28 19:30:11.000,3980,3940,-9,0.54,109.45,2.07,40.96,10.7,4,0.00,,,,,,,,13
1945151143,9229,2021-05-28 19:45:01.000,8.7555274,47.2465391,530.7,3,A,14,2021-05-28 19:45:16.000,3978,3948,-10,0.46,0.00,1.97,34.30,10.6,4,0.00,,,,,,,,13
2285783750,9229,2021-05-28 20:00:01.000,8.7555115,47.2465068,533.5,3,A,10,2021-05-28 20:00:12.000,3975,3946,-10,1.87,125.83,2.58,39.94,10.6,4,0.00,,,,,,,,13
3173355408,9229,2021-05-28 20:15:01.000,8.7557207,47.2464607,553.1,3,A,39,2021-05-28 20:15:41.000,3978,3939,-10,0.23,0.00,2.04,35.33,9.7,5,0.00,,,,,,,,13
1156597665,9229,2021-05-28 20:30:01.000,8.7557379,47.2464155,557.4,3,A,42,2021-05-28 20:30:44.000,3975,3944,-10,0.04,130.42,0.63,10.24,2.2,8,0.00,,,,,,,,13
3289936080,9229,2021-05-28 20:45:01.000,8.7556992,47.2464899,546.6,3,A,14,2021-05-28 20:45:15.000,3974,3939,-11,0.14,0.00,1.79,29.18,2.4,8,0.00,,,,,,,,13
1839847014,9229,2021-05-28 21:00:01.000,8.7556982,47.2464445,555.7,3,A,10,2021-05-28 21:00:12.000,3975,3944,-11,0.34,145.49,1.03,22.27,2.8,7,0.00,,,,,,,,13
1318138310,9229,2021-05-28 21:15:01.000,8.7558537,47.2463387,578.1,3,A,16,2021-05-28 21:15:18.000,3975,3941,-11,0.94,140.90,2.89,44.29,3.5,6,0.00,,,,,,,,13
0253151523,9229,2021-05-28 21:30:01.000,8.7557434,47.2464201,558.6,3,A,7,2021-05-28 21:30:09.000,3974,3944,-10,0.36,130.42,1.58,35.58,5.8,5,0.00,,,,,,,,13
2590294209,9229,2021-05-28 21:45:01.000,8.7556808,47.2464686,540.5,3,A,17,2021-05-28 21:45:19.000,3975,3944,-9,0.29,89.78,1.39,22.27,2.4,6,0.00,,,,,,,,13
0573848483,9229,2021-05-28 22:00:01.000,8.7557631,47.2464615,559.5,3,A,19,2021-05-28 22:00:21.000,3975,3944,-9,0.02,0.00,1.36,15.62,4.6,5,0.00,,,,,,,,13
1594698428,9229,2021-05-28 22:15:01.000,8.7556825,47.2464279,547.2,3,A,16,2021-05-28 22:15:18.000,3975,3946,-8,0.08,328.34,1.25,25.34,5.0,4,0.00,,,,,,,,13
3108209047,9229,2021-05-28 22:30:01.000,8.7556082,47.2464791,552.6,3,A,7,2021-05-28 22:30:09.000,3973,3945,-8,0.18,0.00,0.94,16.90,2.7,6,0.00,,,,,,,,13
3399616852,9229,2021-05-28 22:45:01.000,8.7557531,47.2464312,540.8,3,A,25,2021-05-28 22:45:27.000,3975,3939,-8,0.09,0.00,0.88,13.82,4.1,5,0.00,,,,,,,,13
3715817999,9229,2021-05-28 23:00:01.000,8.7557595,47.2464328,558.6,3,A,15,2021-05-28 23:00:17.000,3975,3944,-8,0.02,112.72,1.07,36.61,7.0,4,0.00,,,,,,,,13
1725167774,9229,2021-05-28 23:15:01.000,8.7558781,47.2463629,554.9,3,A,21,2021-05-28 23:15:23.000,3975,3946,-8,0.30,311.95,3.10,73.98,8.3,5,0.00,,,,,,,,13
1690737732,9229,2021-05-28 23:30:01.000,8.7556630,47.2464829,551.0,3,A,17,2021-05-28 23:30:19.000,3973,3944,-8,1.34,136.97,4.75,85.76,14.8,4,0.00,,,,,,,,13
0184251932,9229,2021-05-28 23:45:01.000,8.7557538,47.2464473,562.8,3,A,31,2021-05-28 23:45:32.000,3973,3934,-8,0.26,325.06,2.82,81.15,10.9,4,0.00,,,,,,,,13
1207875536,9229,2021-05-29 00:00:01.000,8.7555969,47.2465341,533.5,3,A,12,2021-05-29 00:00:14.000,3973,3941,-9,0.33,130.42,3.28,58.11,4.2,5,0.00,,,,,,,,13
1519717368,9229,2021-05-29 00:15:01.000,8.7558208,47.2463895,563.5,3,A,48,2021-05-29 00:15:50.000,3973,3930,-8,0.25,124.52,1.86,30.46,7.4,5,0.00,,,,,,,,13
0779299231,9229,2021-05-29 00:30:00.000,8.7557045,47.2463906,570.4,3,A,17,2021-05-29 00:30:19.000,3968,3934,-9,0.52,0.00,2.04,47.36,7.5,5,0.00,,,,,,,,13
3808826514,9229,2021-05-29 00:45:02.000,8.7559249,47.2464081,567.8,3,A,23,2021-05-29 00:45:26.000,3968,3930,-9,0.32,0.00,2.05,29.95,8.8,4,0.00,,,,,,,,13
2826220605,9229,2021-05-29 01:00:01.000,8.7558773,47.2464124,560.1,3,A,18,2021-05-29 01:00:20.000,3968,3930,-9,0.62,96.34,2.14,32.51,9.2,4,0.00,,,,,,,,13
1061814051,9229,2021-05-29 01:15:01.000,8.7556879,47.2464600,539.8,3,A,59,2021-05-29 01:16:00.000,3968,3934,-9,0.32,0.00,2.15,35.33,10.0,4,0.00,,,,,,,,13
1852794136,9229,2021-05-29 01:30:01.000,8.7558462,47.2464376,558.3,3,A,10,2021-05-29 01:30:12.000,3966,3928,-9,0.70,98.30,2.31,30.98,11.1,4,0.00,,,,,,,,13
2144166944,9229,2021-05-29 01:45:01.000,8.7558254,47.2464458,558.5,3,A,11,2021-05-29 01:45:13.000,3968,3930,-9,0.64,101.58,2.56,32.00,13.1,4,0.00,,,,,,,,13
0264488152,9229,2021-05-29 02:00:01.000,8.7558386,47.2464335,553.1,3,A,11,2021-05-29 02:00:13.000,3966,3930,-9,0.51,93.06,3.20,45.06,17.3,4,0.00,,,,,,,,13
1070951423,9229,2021-05-29 02:15:01.000,8.7557486,47.2464413,553.4,3,A,36,2021-05-29 02:15:38.000,3966,3930,-9,0.01,106.82,1.06,10.50,4.1,5,0.00,,,,,,,,13
1206210653,9229,2021-05-29 02:30:01.000,8.7556263,47.2464970,559.1,3,A,9,2021-05-29 02:30:11.000,3966,3925,-9,0.56,322.44,3.02,48.38,14.8,4,0.00,,,,,,,,13
1092491551,9229,2021-05-29 02:45:01.000,8.7558146,47.2463708,556.8,3,A,8,2021-05-29 02:45:10.000,3966,3927,-9,1.15,138.94,3.45,58.11,12.3,4,0.00,,,,,,,,13
2353676087,9229,2021-05-29 03:00:01.000,8.7555444,47.2465788,545.9,3,A,16,2021-05-29 03:00:18.000,3963,3934,-10,1.70,0.00,2.71,37.38,10.7,4,0.00,,,,,,,,13
3073782879,9229,2021-05-29 03:15:01.000,8.7554818,47.2464639,546.4,3,A,20,2021-05-29 03:15:22.000,3966,3934,-9,0.88,0.00,4.33,58.62,6.9,5,0.00,,,,,,,,13
0909231727,9229,2021-05-29 03:30:01.000,8.7553534,47.2464347,520.8,3,A,17,2021-05-29 03:30:19.000,3963,3934,-10,0.03,106.82,0.93,24.58,3.1,6,0.00,,,,,,,,13
3482056083,9229,2021-05-29 03:45:01.000,8.7554352,47.2464245,520.9,3,A,12,2021-05-29 03:45:14.000,3963,3930,-10,0.44,277.22,2.65,49.66,15.3,4,0.00,,,,,,,,13
2633430565,9229,2021-05-29 04:00:01.000,8.7556799,47.2463986,537.8,3,A,10,2021-05-29 04:00:12.000,3963,3930,-9,0.60,0.00,1.97,22.27,10.7,4,0.00,,,,,,,,13
3942055427,9229,2021-05-29 04:15:02.000,8.7557388,47.2464214,554.2,3,A,10,2021-05-29 04:15:13.000,3963,3934,-9,0.58,0.00,1.57,22.27,8.6,4,0.00,,,,,,,,13
4227347392,9229,2021-05-29 04:30:01.000,8.7558858,47.2463908,574.1,3,A,24,2021-05-29 04:30:26.000,3966,3934,-9,0.14,0.00,1.41,13.06,6.9,5,0.00,,,,,,,,13
2377200709,9229,2021-05-29 04:45:01.000,8.7556718,47.2464346,554.5,3,A,18,2021-05-29 04:45:20.000,3966,3936,-7,0.01,281.80,1.32,13.82,6.5,5,0.00,,,,,,,,13
1913580407,9229,2021-05-29 05:00:02.000,8.7557759,47.2464154,560.8,3,A,5,2021-05-29 05:00:08.000,3968,3944,-7,0.30,118.62,0.87,10.24,3.7,6,0.00,,,,,,,,13
1308000482,9229,2021-05-29 05:15:02.000,8.7558023,47.2464086,563.5,3,A,10,2021-05-29 05:15:13.000,3973,3939,-6,0.56,112.07,1.09,14.08,4.5,5,0.00,,,,,,,,13
0546424434,9229,2021-05-29 05:30:01.000,8.7558063,47.2463975,565.5,3,A,19,2021-05-29 05:30:21.000,3973,3945,-4,0.26,0.00,1.27,26.11,4.5,5,0.00,,,,,,,,13
2493473028,9229,2021-05-29 05:45:01.000,8.7556537,47.2464520,549.3,3,A,20,2021-05-29 05:45:22.000,3975,3948,-3,0.10,0.00,1.49,38.66,4.6,5,0.00,,,,,,,,13
1548623038,9229,2021-05-29 06:00:02.000,8.7569307,47.2460857,562.4,3,A,39,2021-05-29 06:00:42.000,3978,3944,-3,0.34,116.00,5.79,91.14,8.4,4,0.00,,,,,,,,13
1657830559,9229,2021-05-29 06:15:02.000,8.7557943,47.2464501,543.8,3,A,77,2021-05-29 06:16:20.000,3983,3939,-1,0.09,110.76,0.60,23.04,2.6,4,0.00,,,,,,,,13
2800745169,9229,2021-05-29 06:30:02.000,8.7557336,47.2464467,556.2,3,A,26,2021-05-29 06:30:29.000,3983,3953,-1,0.05,0.00,0.61,16.13,2.4,4,0.00,,,,,,,,13
3968423591,9229,2021-05-29 06:45:01.000,8.7557172,47.2464902,559.6,3,A,69,2021-05-29 06:46:11.000,3988,3953,1,0.83,104.20,1.83,23.30,2.5,4,0.00,,,,,,,,13
0148878302,9229,2021-05-29 07:00:01.000,8.7558760,47.2463887,546.3,3,A,23,2021-05-29 07:00:25.000,3992,3963,3,0.22,0.00,0.82,18.43,2.5,6,0.00,,,,,,,,13
3375304349,9229,2021-05-29 07:15:01.000,8.7558269,47.2464187,563.6,3,A,13,2021-05-29 07:15:15.000,3995,3968,4,0.09,0.00,1.52,14.59,3.7,5,0.00,,,,,,,,13
3806276614,9229,2021-05-29 07:30:01.000,8.7557944,47.2464619,564.8,3,A,14,2021-05-29 07:30:16.000,3999,3973,6,0.25,0.00,0.76,18.43,4.1,5,0.00,,,,,,,,13
1663225167,9229,2021-05-29 07:45:02.000,8.7558448,47.2464041,583.3,3,A,16,2021-05-29 07:45:18.000,4003,3983,10,0.78,136.31,2.10,19.46,3.9,5,0.00,,,,,,,,13
2372612202,9229,2021-05-29 08:00:02.000,8.7557078,47.2464832,547.7,3,A,17,2021-05-29 08:00:20.000,4001,3983,10,0.15,92.41,1.67,21.50,2.8,6,0.00,,,,,,,,13
4121218572,9229,2021-05-29 08:15:02.000,8.7557549,47.2464650,547.7,3,A,16,2021-05-29 08:15:19.000,4006,3992,18,0.15,294.91,1.45,18.43,8.5,5,0.00,,,,,,,,13
3626909207,9229,2021-05-29 08:30:01.000,8.7558287,47.2464618,549.8,3,A,13,2021-05-29 08:30:15.000,4002,3985,14,0.04,0.00,0.77,16.38,5.8,5,0.00,,,,,,,,13
1840709245,9229,2021-05-29 08:45:01.000,8.7558894,47.2461749,542.4,3,A,21,2021-05-29 08:45:23.000,4003,3995,11,0.06,0.00,1.33,35.07,6.1,4,0.00,,,,,,,,13
0222950841,9229,2021-05-29 09:00:01.000,8.7557673,47.2461695,536.2,3,A,11,2021-05-29 09:00:13.000,4006,3994,13,0.19,0.00,2.89,33.79,6.1,4,0.00,,,,,,,,13
3473621695,9229,2021-05-29 09:15:01.000,8.7557396,47.2463163,540.0,3,A,19,2021-05-29 09:15:21.000,4003,3992,11,0.05,134.35,0.55,11.26,1.7,7,0.00,,,,,,,,13
1585581725,9229,2021-05-29 09:30:01.000,8.7557369,47.2463126,541.3,3,A,8,2021-05-29 09:30:10.000,4006,3992,13,0.03,0.00,0.54,9.47,2.1,6,0.00,,,,,,,,13
0703538269,9229,2021-05-29 09:45:02.000,8.7556968,47.2462913,547.9,3,A,14,2021-05-29 09:45:17.000,4011,3994,16,0.04,183.50,0.58,8.19,2.2,6,0.00,,,,,,,,13
0267571810,9229,2021-05-29 10:00:01.000,8.7557447,47.2462818,551.0,3,A,9,2021-05-29 10:00:11.000,4011,3997,18,0.01,0.00,0.55,6.91,2.3,6,0.00,,,,,,,,13
4225625615,9229,2021-05-29 10:15:01.000,8.7558051,47.2462730,589.6,3,A,8,2021-05-29 10:15:10.000,4001,3992,12,0.10,0.00,2.20,14.85,14.7,4,0.00,,,,,,,,13
1165390845,9229,2021-05-29 10:30:02.000,8.7557144,47.2462261,553.5,3,A,4,2021-05-29 10:30:07.000,4002,3992,12,0.81,56.36,1.98,15.36,11.8,4,0.00,,,,,,,,13
3483618571,9229,2021-05-29 10:45:01.000,8.7557043,47.2462144,546.3,3,A,9,2021-05-29 10:45:11.000,4006,3992,17,0.05,0.00,1.00,9.22,4.8,4,0.00,,,,,,,,13
0850014409,9229,2021-05-29 11:00:01.000,8.7557758,47.2461690,561.3,3,A,11,2021-05-29 11:00:13.000,4013,4001,20,0.27,0.00,0.94,13.57,3.9,4,0.00,,,,,,,,13
1736309790,9229,2021-05-29 11:15:01.000,8.7557226,47.2463533,545.7,3,A,18,2021-05-29 11:15:20.000,4016,4011,28,0.11,349.31,0.82,25.60,3.4,4,0.00,,,,,,,,13
3574207643,9229,2021-05-29 11:30:02.000,8.7557832,47.2461402,565.3,3,A,9,2021-05-29 11:30:12.000,4013,4001,28,0.95,346.69,1.55,28.42,6.4,4,0.00,,,,,,,,13
1367946150,9229,2021-05-29 11:45:00.000,8.7559908,47.2460528,561.7,3,A,17,2021-05-29 11:45:19.000,4020,4011,33,0.12,0.00,1.49,32.00,7.3,4,0.00,,,,,,,,13
3273065907,9229,2021-05-29 12:00:03.000,8.7557725,47.2462945,544.7,3,A,37,2021-05-29 12:00:41.000,4011,4001,21,0.13,0.00,0.55,7.17,2.0,7,0.00,,,,,,,,13
4279789668,9229,2021-05-29 12:15:01.000,8.7558007,47.2463211,546.6,3,A,11,2021-05-29 12:15:12.000,4006,3992,16,0.11,205.78,0.55,8.70,1.9,7,0.00,,,,,,,,13
1175592475,9229,2021-05-29 12:30:02.000,8.7557874,47.2463081,544.5,3,A,8,2021-05-29 12:30:11.000,4008,4000,18,0.02,205.78,0.58,8.45,2.4,6,0.00,,,,,,,,13
2934791693,9229,2021-05-29 12:45:01.000,8.7557872,47.2463126,536.8,3,A,7,2021-05-29 12:45:09.000,4008,3997,18,0.01,0.00,0.65,6.91,2.6,6,0.00,,,,,,,,13
3793192133,9229,2021-05-29 13:00:01.000,8.7558026,47.2463143,542.0,3,A,8,2021-05-29 13:00:10.000,4011,4003,22,0.26,0.00,1.39,10.24,9.0,5,0.00,,,,,,,,13
1800398178,9229,2021-05-29 13:15:02.000,8.7558311,47.2462479,554.2,3,A,24,2021-05-29 13:15:27.000,4011,4006,20,0.12,168.43,1.82,15.10,7.5,5,0.00,,,,,,,,13
1955816302,9229,2021-05-29 13:29:59.000,8.7554085,47.2464121,592.5,3,A,14,2021-05-29 13:30:15.000,4017,4011,34,0.15,0.00,2.04,57.34,16.2,4,0.00,,,,,,,,13
1363695794,9229,2021-05-29 13:45:03.000,8.7557378,47.2463376,538.7,3,A,16,2021-05-29 13:45:20.000,4008,3997,21,1.76,308.02,2.21,30.98,5.9,4,0.00,,,,,,,,13
0538562327,9229,2021-05-29 14:00:00.000,8.7558060,47.2463077,542.4,3,A,15,2021-05-29 14:00:17.000,4017,3999,33,0.05,0.00,0.88,32.00,4.7,4,0.00,,,,,,,,13
1045405937,9229,2021-05-29 14:15:02.000,8.7558066,47.2462691,560.0,3,A,14,2021-05-29 14:15:17.000,4017,4003,33,0.07,0.00,0.76,24.83,4.1,5,0.00,,,,,,,,13
0760004259,9229,2021-05-29 14:30:01.000,8.7546265,47.2846821,541.9,3,A,18,2021-05-29 14:30:20.000,4011,3997,23,22.65,271.97,0.27,8.45,2.2,6,0.00,,,,,,,,13
2381482576,9229,2021-05-29 14:45:02.000,8.5831790,47.3511095,599.2,3,A,15,2021-05-29 14:45:18.000,4013,3995,28,8.21,290.98,1.14,32.77,18.9,4,0.00,,,,,,,,13
0533211585,9229,2021-05-29 15:00:02.000,8.5419749,47.3967730,587.3,3,A,11,2021-05-29 15:00:14.000,4011,3992,29,0.25,282.46,1.74,19.20,8.2,4,0.00,,,,,,,,13
