key-bin-checksum,tag-serial-number,start-timestamp,longitude,latitude,height-above-ellipsoid,type-of-fix,status,used-time-to-get-fix,timestamp-of-fix,battery-voltage,fix-battery-voltage,temperature,speed-over-ground,heading-degree,speed-accuracy-estimate,horizontal-accuracy-estimate,dop,satellite-count,barometric-pressure,quat-w-raw,quat-x-raw,quat-y-raw,quat-z-raw,magnetic-field-x-raw,magnetic-field-y-raw,magnetic-field-z-raw,data-decoding-software
1062830577,9035,2021-05-08 09:30:36.000,8.9307366,47.4841330,678.3,3,A,124,2021-05-08 09:32:41.000,3918,3875,11,6.56,346.69,0.58,55.81,16.6,4,0.00,,,,,,,,13
2216512386,9035,2021-05-08 10:00:01.000,8.9025817,47.4882733,567.2,3,A,40,2021-05-08 10:00:42.000,3912,3874,6,0.77,103.55,2.23,20.74,6.9,4,0.00,,,,,,,,13
4186837629,9035,2021-05-08 10:30:00.000,,,,0,D,150,,3907,3864,7,,,,,,,0.00,,,,,,,,13
1636241939,9035,2021-05-08 11:00:00.000,,,,0,D,150,,3898,3856,7,,,,,,,0.00,,,,,,,,13
3320606593,9035,2021-05-23 08:48:10.000,8.9365903,47.4847008,649.2,3,A,72,2021-05-23 08:49:23.000,3970,3922,-6,0.11,0.00,1.50,17.66,4.6,4,0.00,,,,,,,,13
0331894641,9035,2021-05-23 09:00:01.000,8.9364233,47.4848077,653.6,3,A,92,2021-05-23 09:01:34.000,3969,3931,0,0.48,304.09,2.29,27.39,5.1,4,0.00,,,,,,,,13
2626656514,9035,2021-05-23 09:15:01.000,8.9364065,47.4847322,652.1,3,A,14,2021-05-23 09:15:16.000,3966,3928,1,0.27,4.59,1.58,34.30,5.8,5,0.00,,,,,,,,13
2564192132,9035,2021-05-23 09:30:00.000,,,,0,D,150,,3969,3924,1,,,,,,,0.00,,,,,,,,13
3313628110,9035,2021-05-23 09:45:00.000,,,,0,D,150,,3959,3912,2,,,,,,,0.00,,,,,,,,13
0329744560,9035,2021-05-23 10:00:00.000,,,,0,D,150,,3956,3917,3,,,,,,,0.00,,,,,,,,13
1012071156,9035,2021-05-23 10:15:00.000,,,,0,D,150,,3950,3903,3,,,,,,,0.00,,,,,,,,13
2487061594,9035,2021-05-23 10:30:00.000,,,,0,D,150,,3950,3907,5,,,,,,,0.00,,,,,,,,13
3818133863,9035,2021-05-23 10:45:00.000,,,,0,D,151,,3950,3903,5,,,,,,,0.00,,,,,,,,13
0492739680,9035,2021-05-23 11:00:00.000,,,,0,D,150,,3944,3901,6,,,,,,,0.00,,,,,,,,13
1662592261,9035,2021-05-23 11:15:00.000,,,,0,D,150,,3941,3898,6,,,,,,,0.00,,,,,,,,13
2796072066,9035,2021-05-23 11:30:00.000,,,,0,D,150,,3939,3894,7,,,,,,,0.00,,,,,,,,13
3641715525,9035,2021-05-23 11:45:00.000,,,,0,D,150,,3935,3889,7,,,,,,,0.00,,,,,,,,13
0460370594,9035,2021-05-23 12:00:00.000,,,,0,D,151,,3931,3889,7,,,,,,,0.00,,,,,,,,13
1560754479,9035,2021-05-23 12:15:00.000,,,,0,D,150,,3931,3884,7,,,,,,,0.00,,,,,,,,13
2169942316,9035,2021-05-23 12:30:00.000,,,,0,D,150,,3922,3879,7,,,,,,,0.00,,,,,,,,13
3503373905,9035,2021-05-23 12:45:00.000,,,,0,D,150,,3922,3884,7,,,,,,,0.00,,,,,,,,13
4203133330,9035,2021-05-23 13:00:00.000,,,,0,D,150,,3917,3874,7,,,,,,,0.00,,,,,,,,13
0752891979,9035,2021-05-23 13:15:00.000,,,,0,D,151,,3913,3867,7,,,,,,,0.00,,,,,,,,13
1797766552,9035,2021-05-23 13:30:00.000,,,,0,D,150,,3912,3864,7,,,,,,,0.00,,,,,,,,13
2570598945,9035,2021-05-23 13:45:00.000,,,,0,D,150,,3906,3861,7,,,,,,,0.00,,,,,,,,13
3614293858,9035,2021-05-23 14:00:00.000,,,,0,D,150,,3903,3856,7,,,,,,,0.00,,,,,,,,13
0109395183,9035,2021-05-23 14:15:00.000,,,,0,D,150,,3898,3851,7,,,,,,,0.00,,,,,,,,13
1025621450,9035,2021-05-23 14:30:00.000,,,,0,D,151,,3894,3846,7,,,,,,,0.00,,,,,,,,13
1744976179,9035,2021-05-23 14:45:00.000,,,,0,D,150,,3886,3841,7,,,,,,,0.00,,,,,,,,13
2426778472,9035,2021-05-23 15:00:00.000,,,,0,D,150,,3879,3836,7,,,,,,,0.00,,,,,,,,13
3432658825,9035,2021-05-23 15:15:00.000,,,,0,D,150,,3874,3836,7,,,,,,,0.00,,,,,,,,13
0200981734,9035,2021-05-23 15:30:00.000,,,,0,D,150,,3874,3829,7,,,,,,,0.00,,,,,,,,13
1062026395,9035,2021-05-23 15:45:00.000,,,,0,D,151,,3869,3826,7,,,,,,,0.00,,,,,,,,13
2016722610,9035,2021-05-23 16:00:00.000,,,,0,D,150,,3864,3824,7,,,,,,,0.00,,,,,,,,13
2808691785,9035,2021-05-23 16:15:00.000,,,,0,D,150,,3861,3819,7,,,,,,,0.00,,,,,,,,13
4213099412,9035,2021-05-23 16:30:00.000,,,,0,D,150,,3861,3824,7,,,,,,,0.00,,,,,,,,13
0781208403,9035,2021-05-23 16:45:00.000,,,,0,D,150,,3856,3818,7,,,,,,,0.00,,,,,,,,13
1734724958,9035,2021-05-23 17:00:00.000,,,,0,D,151,,3856,3811,7,,,,,,,0.00,,,,,,,,13
2707640443,9035,2021-05-23 17:15:00.000,,,,0,D,150,,3851,3814,6,,,,,,,0.00,,,,,,,,13
3590508642,9035,2021-05-23 17:30:00.000,,,,0,D,150,,3847,3806,6,,,,,,,0.00,,,,,,,,13
0303453325,9035,2021-05-23 17:45:00.000,,,,0,D,150,,3846,3801,6,,,,,,,0.00,,,,,,,,13
1221055872,9035,2021-05-23 18:00:00.000,,,,0,D,150,,3841,3800,6,,,,,,,0.00,,,,,,,,13
2247645631,9035,2021-05-23 18:15:00.000,,,,0,D,151,,3839,3800,5,,,,,,,0.00,,,,,,,,13
3255426546,9035,2021-05-23 18:30:00.000,,,,0,D,150,,3836,3798,5,,,,,,,0.00,,,,,,,,13
0060122221,9035,2021-05-23 18:45:00.000,,,,0,D,150,,3836,3793,5,,,,,,,0.00,,,,,,,,13
0977331548,9035,2021-05-23 19:00:00.000,,,,0,D,150,,3831,3791,5,,,,,,,0.00,,,,,,,,13
2042194635,9035,2021-05-23 19:15:00.000,,,,0,D,150,,3831,3789,5,,,,,,,0.00,,,,,,,,13
3211195238,9035,2021-05-23 19:30:00.000,,,,0,D,151,,3829,3786,5,,,,,,,0.00,,,,,,,,13
0053377801,9035,2021-05-23 19:45:00.000,,,,0,D,150,,3829,3785,5,,,,,,,0.00,,,,,,,,13
0953023472,9035,2021-05-23 20:00:00.000,,,,0,D,150,,3826,3781,4,,,,,,,0.00,,,,,,,,13
2179499467,9035,2021-05-23 20:15:00.000,,,,0,D,150,,3826,3781,4,,,,,,,0.00,,,,,,,,13
3149531349,9035,2021-05-23 20:30:00.000,,,,0,D,150,,3822,3779,4,,,,,,,0.00,,,,,,,,13
0025530745,9035,2021-05-23 20:45:00.000,,,,0,D,151,,3822,3779,4,,,,,,,0.00,,,,,,,,13
1124210677,9035,2021-05-23 21:00:00.000,,,,0,D,150,,3819,3781,4,,,,,,,0.00,,,,,,,,13
2187959639,9035,2021-05-23 21:15:00.000,,,,0,D,150,,3819,3775,4,,,,,,,0.00,,,,,,,,13
3358074367,9035,2021-05-23 21:30:00.000,,,,0,D,150,,3818,3775,4,,,,,,,0.00,,,,,,,,13
0091794001,9035,2021-05-23 21:45:00.000,,,,0,D,150,,3818,3770,3,,,,,,,0.00,,,,,,,,13
1186934953,9035,2021-05-23 22:00:00.000,,,,0,D,151,,3813,3768,4,,,,,,,0.00,,,,,,,,13
2252650015,9035,2021-05-23 22:15:00.000,,,,0,D,150,,3813,3765,3,,,,,,,0.00,,,,,,,,13
3529720327,9035,2021-05-23 22:30:00.000,,,,0,D,150,,3811,3765,4,,,,,,,0.00,,,,,,,,13
0638570817,9035,2021-05-23 22:45:00.000,,,,0,D,150,,3809,3770,5,,,,,,,0.00,,,,,,,,13
1844796163,9035,2021-05-23 23:00:00.000,,,,0,D,150,,3808,3770,5,,,,,,,0.00,,,,,,,,13
3049448617,9035,2021-05-23 23:15:00.000,,,,0,D,151,,3808,3763,5,,,,,,,0.00,,,,,,,,13
4078266633,9035,2021-05-23 23:30:00.000,,,,0,D,150,,3808,3760,5,,,,,,,0.00,,,,,,,,13
1043854311,9035,2021-05-23 23:45:00.000,,,,0,D,150,,3804,3763,5,,,,,,,0.00,,,,,,,,13
2015262463,9035,2021-05-24 00:00:00.000,,,,0,D,150,,3803,3756,5,,,,,,,0.00,,,,,,,,13
3276079596,9035,2021-05-24 00:15:00.000,,,,0,D,150,,3801,3760,5,,,,,,,0.00,,,,,,,,13
0260279773,9035,2021-05-24 00:30:00.000,,,,0,D,151,,3801,3760,5,,,,,,,0.00,,,,,,,,13
1395398006,9035,2021-05-24 00:45:00.000,,,,0,D,150,,3801,3757,5,,,,,,,0.00,,,,,,,,13
2457836235,9035,2021-05-24 01:00:00.000,,,,0,D,150,,3798,3756,5,,,,,,,0.00,,,,,,,,13
3755353816,9035,2021-05-24 01:15:00.000,,,,0,D,150,,3798,3756,6,,,,,,,0.00,,,,,,,,13
0630632309,9035,2021-05-24 01:30:00.000,,,,0,D,150,,3798,3753,6,,,,,,,0.00,,,,,,,,13
1944927362,9035,2021-05-24 01:45:00.000,,,,0,D,151,,3798,3756,6,,,,,,,0.00,,,,,,,,13
3046032139,9035,2021-05-24 02:00:00.000,,,,0,D,150,,3798,3753,5,,,,,,,0.00,,,,,,,,13
0119034180,9035,2021-05-24 02:15:00.000,,,,0,D,150,,3798,3756,6,,,,,,,0.00,,,,,,,,13
0732023136,9035,2021-05-24 02:30:00.000,,,,0,D,150,,3793,3747,5,,,,,,,0.00,,,,,,,,13
1902137864,9035,2021-05-24 02:45:00.000,,,,0,D,150,,3791,3746,5,,,,,,,0.00,,,,,,,,13
3215318782,9035,2021-05-24 03:00:00.000,,,,0,D,151,,3791,3748,6,,,,,,,0.00,,,,,,,,13
4207436350,9035,2021-05-24 03:15:00.000,,,,0,D,150,,3789,3743,5,,,,,,,0.00,,,,,,,,13
1211297356,9035,2021-05-24 03:30:00.000,,,,0,D,150,,3789,3743,5,,,,,,,0.00,,,,,,,,13
2417719312,9035,2021-05-24 03:45:00.000,,,,0,D,150,,3789,3743,5,,,,,,,0.00,,,,,,,,13
3516989062,9035,2021-05-24 04:00:00.000,,,,0,D,150,,3789,3741,5,,,,,,,0.00,,,,,,,,13
0570985630,9035,2021-05-24 04:15:00.000,,,,0,D,151,,3789,3741,6,,,,,,,0.00,,,,,,,,13
1526337195,9035,2021-05-24 04:30:00.000,,,,0,D,150,,3784,3741,6,,,,,,,0.00,,,,,,,,13
2697893728,9035,2021-05-24 04:45:00.000,,,,0,D,150,,3784,3741,5,,,,,,,0.00,,,,,,,,13
3868139519,9035,2021-05-24 05:00:00.000,,,,0,D,150,,3781,3736,6,,,,,,,0.00,,,,,,,,13
0799648226,9035,2021-05-24 05:15:00.000,,,,0,D,150,,3781,3736,6,,,,,,,0.00,,,,,,,,13
1912877373,9035,2021-05-24 05:30:00.000,,,,0,D,151,,3779,3736,6,,,,,,,0.00,,,,,,,,13
3032725476,9035,2021-05-24 05:45:00.000,,,,0,D,150,,3779,3734,6,,,,,,,0.00,,,,,,,,13
0159860783,9035,2021-05-24 06:00:00.000,,,,0,D,150,,3779,3741,6,,,,,,,0.00,,,,,,,,13
1152043886,9035,2021-05-24 06:15:00.000,,,,0,D,150,,3779,3734,5,,,,,,,0.00,,,,,,,,13
2177847205,9035,2021-05-24 06:30:00.000,,,,0,D,150,,3776,3732,6,,,,,,,0.00,,,,,,,,13
3491290280,9035,2021-05-24 06:45:00.000,,,,0,D,151,,3776,3732,6,,,,,,,0.00,,,,,,,,13
0458385303,9035,2021-05-24 07:00:00.000,,,,0,D,150,,3775,3732,6,,,,,,,0.00,,,,,,,,13
1737880470,9035,2021-05-24 07:15:00.000,,,,0,D,150,,3775,3728,6,,,,,,,0.00,,,,,,,,13
2872212253,9035,2021-05-24 07:30:00.000,,,,0,D,150,,3773,3732,6,,,,,,,0.00,,,,,,,,13
3971678625,9035,2021-05-24 07:45:00.000,,,,0,D,150,,3773,3728,6,,,,,,,0.00,,,,,,,,13
0880446279,9035,2021-05-24 08:00:00.000,,,,0,D,151,,3770,3728,6,,,,,,,0.00,,,,,,,,13
1945571513,9035,2021-05-24 08:15:00.000,,,,0,D,150,,3770,3724,6,,,,,,,0.00,,,,,,,,13
3080362061,9035,2021-05-24 08:30:00.000,,,,0,D,150,,3768,3723,6,,,,,,,0.00,,,,,,,,13
4034992731,9035,2021-05-24 08:45:00.000,,,,0,D,150,,3765,3718,6,,,,,,,0.00,,,,,,,,13
1880504632,9035,2021-05-24 09:00:01.000,8.5343324,47.4038810,538.2,3,A,76,2021-05-24 09:01:17.000,3763,3725,3,3.95,239.86,1.35,41.47,2.1,6,0.00,,,,,,,,13
1063033684,9035,2021-05-24 09:15:01.000,8.7120438,47.3688206,515.7,3,A,40,2021-05-24 09:15:42.000,3763,3725,3,34.79,131.73,2.70,22.02,2.6,5,0.00,,,,,,,,13
0174269573,9035,2021-05-24 09:30:01.000,8.8234225,47.2928944,609.5,3,A,27,2021-05-24 09:30:29.000,3765,3725,4,0.24,246.42,2.05,30.46,4.2,4,0.00,,,,,,,,13
0760854788,9035,2021-05-24 09:45:00.000,8.8251855,47.2915898,579.1,3,A,15,2021-05-24 09:45:16.000,3765,3723,0,0.27,0.00,0.97,20.99,3.9,4,0.00,,,,,,,,13
3358781049,9035,2021-05-24 10:00:01.000,8.8252392,47.2916576,605.1,3,A,10,2021-05-24 10:00:12.000,3765,3710,-5,0.16,0.00,1.04,10.75,3.7,4,0.00,,,,,,,,13
1476711663,9035,2021-05-24 10:15:01.000,8.8252986,47.2917788,606.0,3,A,21,2021-05-24 10:15:23.000,3765,3708,-5,0.08,0.00,0.71,9.22,2.2,6,0.00,,,,,,,,13
3000522834,9035,2021-05-24 10:30:01.000,8.8251426,47.2917232,557.7,3,A,9,2021-05-24 10:30:11.000,3767,3713,-5,0.46,0.00,1.01,24.58,3.3,5,0.00,,,,,,,,13
2631838732,9035,2021-05-24 10:45:01.000,8.8251561,47.2915890,587.8,3,A,9,2021-05-24 10:45:11.000,3764,3709,-4,0.40,108.13,2.04,31.49,8.1,4,0.00,,,,,,,,13
0066084585,9035,2021-05-24 11:00:01.000,8.8252790,47.2916261,605.2,3,A,8,2021-05-24 11:00:10.000,3764,3703,-4,0.27,0.00,1.31,14.85,5.4,4,0.00,,,,,,,,13
2329486456,9035,2021-05-24 11:15:01.000,8.8252856,47.2915566,604.4,3,A,8,2021-05-24 11:15:10.000,3763,3704,-4,0.20,0.00,1.17,18.94,4.3,4,0.00,,,,,,,,13
0657494314,9035,2021-05-24 11:30:00.000,8.8250678,47.2917145,588.4,3,A,8,2021-05-24 11:30:09.999,3764,3715,-4,0.24,131.73,1.17,23.04,4.0,4,0.00,,,,,,,,13
1241910996,9035,2021-05-24 11:45:02.000,8.8250277,47.2915145,665.2,3,A,24,2021-05-24 11:45:27.000,3765,3717,-4,0.09,0.00,1.79,22.27,3.8,5,0.00,,,,,,,,13
3818953221,9035,2021-05-24 12:00:01.000,8.8253255,47.2917005,590.0,3,A,18,2021-05-24 12:00:20.000,3762,3709,-5,0.05,0.00,0.68,13.06,2.8,5,0.00,,,,,,,,13
3350370043,9035,2021-05-24 12:15:01.000,8.8251905,47.2917347,593.6,3,A,8,2021-05-24 12:15:10.000,3762,3709,-6,0.09,0.00,0.67,8.19,3.0,5,0.00,,,,,,,,13
2944469215,9035,2021-05-24 12:30:01.000,8.8252232,47.2918354,595.6,3,A,8,2021-05-24 12:30:10.000,3762,3698,-6,0.13,119.28,0.86,12.03,3.4,5,0.00,,,,,,,,13
0304075694,9035,2021-05-24 12:45:01.000,8.8251106,47.2917630,581.0,3,A,7,2021-05-24 12:45:09.000,3760,3704,-6,0.32,0.00,1.16,15.62,5.1,4,0.00,,,,,,,,13
2591522329,9035,2021-05-24 13:00:01.000,8.8245616,47.2919910,491.6,3,A,10,2021-05-24 13:00:12.000,3760,3703,-6,0.39,0.00,2.28,35.33,6.3,4,0.00,,,,,,,,13
3778268341,9035,2021-05-24 13:15:01.000,8.8252782,47.2917173,601.1,3,A,18,2021-05-24 13:15:20.000,3760,3709,-5,0.04,316.54,0.61,9.47,2.3,7,0.00,,,,,,,,13
0412286451,9035,2021-05-24 13:30:01.000,8.8252365,47.2916392,570.4,3,A,6,2021-05-24 13:30:08.000,3760,3708,-5,0.13,0.00,1.31,8.70,6.1,6,0.00,,,,,,,,13
2438679632,9035,2021-05-24 13:45:01.000,8.8253535,47.2916301,642.6,3,A,5,2021-05-24 13:45:07.000,3760,3708,-5,0.13,0.00,1.10,7.42,4.8,6,0.00,,,,,,,,13
4074663940,9035,2021-05-24 14:00:01.000,8.8251594,47.2916882,575.9,3,A,8,2021-05-24 14:00:10.000,3760,3703,-5,0.08,0.00,0.94,8.70,3.6,6,0.00,,,,,,,,13
1035165304,9035,2021-05-24 14:15:01.000,8.8252111,47.2917169,607.9,3,A,6,2021-05-24 14:15:08.000,3760,3707,-5,0.23,0.00,1.26,9.47,7.9,4,0.00,,,,,,,,13
0386705839,9035,2021-05-24 14:30:01.000,8.8252017,47.2916180,598.2,3,A,11,2021-05-24 14:30:13.000,3760,3706,-4,0.13,0.00,1.11,20.99,4.5,5,0.00,,,,,,,,13
1546516331,9035,2021-05-24 14:45:01.000,8.8250548,47.2917350,593.3,3,A,10,2021-05-24 14:45:12.000,3757,3703,-5,0.55,102.89,1.55,35.07,5.1,5,0.00,,,,,,,,13
3230800137,9035,2021-05-24 15:00:01.000,8.8247019,47.2919019,575.9,3,A,11,2021-05-24 15:00:13.000,3756,3697,-7,0.55,121.24,2.27,75.52,6.6,5,0.00,,,,,,,,13
1916962260,9035,2021-05-24 15:15:01.000,8.8252594,47.2918027,579.9,3,A,18,2021-05-24 15:15:20.000,3756,3693,-7,0.02,117.31,1.16,9.22,2.3,6,0.00,,,,,,,,13
3604058140,9035,2021-05-24 15:30:01.000,8.8252093,47.2916533,605.7,3,A,7,2021-05-24 15:30:09.000,3756,3696,-6,0.26,0.00,1.11,10.24,3.5,5,0.00,,,,,,,,13
2568110026,9035,2021-05-24 15:45:01.000,8.8252124,47.2916843,624.1,3,A,11,2021-05-24 15:45:13.000,3756,3693,-7,0.09,176.95,0.94,8.19,4.0,5,0.00,,,,,,,,13
2292018756,9035,2021-05-24 16:00:01.000,8.8252273,47.2916480,587.7,3,A,21,2021-05-24 16:00:23.000,3753,3698,-7,0.02,0.00,0.54,4.10,2.4,7,0.00,,,,,,,,13
2677933707,9035,2021-05-24 16:15:01.000,8.8252570,47.2916675,594.9,3,A,5,2021-05-24 16:15:07.000,3753,3696,-7,0.11,0.00,0.80,8.96,3.4,6,0.00,,,,,,,,13
1240273612,9035,2021-05-24 16:30:01.000,8.8252432,47.2917229,604.5,3,A,7,2021-05-24 16:30:09.000,3753,3696,-7,0.09,0.00,0.92,12.29,3.5,6,0.00,,,,,,,,13
3148275511,9035,2021-05-24 16:45:01.000,8.8252846,47.2916612,594.8,3,A,6,2021-05-24 16:45:08.000,3753,3693,-7,0.06,0.00,0.81,8.70,3.2,6,0.00,,,,,,,,13
3931848576,9035,2021-05-24 17:00:01.000,8.8252593,47.2916671,598.8,3,A,17,2021-05-24 17:00:19.000,3751,3693,-7,0.07,0.00,0.48,16.38,2.0,6,0.00,,,,,,,,13
2970361374,9035,2021-05-24 17:15:01.000,8.8252421,47.2917211,604.3,3,A,5,2021-05-24 17:15:07.000,3751,3693,-7,0.04,0.00,0.44,5.63,1.7,7,0.00,,,,,,,,13
1819595466,9035,2021-05-24 17:30:01.000,8.8252154,47.2917134,613.7,3,A,8,2021-05-24 17:30:09.000,3751,3693,-7,0.81,353.24,1.83,25.34,7.9,5,0.00,,,,,,,,13
3141991447,9035,2021-05-24 17:45:01.000,8.8251591,47.2917418,607.1,3,A,6,2021-05-24 17:45:08.000,3751,3680,-8,0.11,348.65,0.55,15.10,2.2,5,0.00,,,,,,,,13
3027803736,9035,2021-05-24 18:00:01.000,8.8253435,47.2914979,585.2,3,A,10,2021-05-24 18:00:12.000,3751,3685,-8,0.64,347.34,1.39,27.65,5.0,4,0.00,,,,,,,,13
2519536186,9035,2021-05-24 18:15:01.000,8.8252713,47.2916789,608.2,3,A,9,2021-05-24 18:15:11.000,3751,3673,-9,0.07,98.96,0.71,9.22,1.9,5,0.00,,,,,,,,13
3142734156,9035,2021-05-24 18:30:01.000,8.8252372,47.2916346,601.2,3,A,9,2021-05-24 18:30:11.000,3748,3685,-9,0.58,98.30,1.18,15.62,1.8,5,0.00,,,,,,,,13
1604394956,9035,2021-05-24 18:45:01.000,8.8255683,47.2916673,610.0,3,A,10,2021-05-24 18:45:12.000,3746,3685,-9,1.07,121.90,2.09,28.93,5.1,4,0.00,,,,,,,,13
0488066510,9035,2021-05-24 19:00:01.000,8.8252434,47.2916065,581.0,3,A,21,2021-05-24 19:00:23.000,3748,3685,-9,0.02,0.00,0.63,7.68,2.6,8,0.00,,,,,,,,13
3159548070,9035,2021-05-24 19:15:01.000,8.8252192,47.2916824,585.5,3,A,7,2021-05-24 19:15:09.000,3748,3680,-9,0.02,0.00,0.57,7.17,2.6,7,0.00,,,,,,,,13
2126966954,9035,2021-05-24 19:30:01.000,8.8252472,47.2916354,587.5,3,A,6,2021-05-24 19:30:08.000,3751,3685,-9,0.08,0.00,0.60,4.61,2.5,7,0.00,,,,,,,,13
1993812067,9035,2021-05-24 19:45:01.000,8.8252038,47.2916579,578.0,3,A,7,2021-05-24 19:45:09.000,3751,3685,-9,0.03,0.00,0.69,7.42,2.5,7,0.00,,,,,,,,13
1714431058,9035,2021-05-24 20:00:01.000,8.8252279,47.2917048,580.1,3,A,15,2021-05-24 20:00:17.000,3751,3685,-9,0.11,0.00,0.58,13.82,3.0,6,0.00,,,,,,,,13
2796535863,9035,2021-05-24 20:15:01.000,8.8252377,47.2917042,579.5,3,A,8,2021-05-24 20:15:10.000,3751,3670,-10,0.10,0.00,0.88,15.10,3.6,5,0.00,,,,,,,,13
0431476685,9035,2021-05-24 20:30:01.000,8.8252148,47.2916184,583.1,3,A,7,2021-05-24 20:30:09.000,3751,3680,-10,0.15,0.00,0.90,6.91,3.4,5,0.00,,,,,,,,13
0569605585,9035,2021-05-24 20:45:01.000,8.8251397,47.2917941,604.7,3,A,9,2021-05-24 20:45:11.000,3751,3676,-10,0.29,346.69,0.96,15.62,3.2,5,0.00,,,,,,,,13
1244032711,9035,2021-05-24 21:00:00.000,8.8252043,47.2916671,589.9,3,A,19,2021-05-24 21:00:20.000,3751,3681,-10,0.03,334.23,0.46,6.40,1.7,8,0.00,,,,,,,,13
1793109779,9035,2021-05-24 21:15:01.000,8.8252710,47.2916887,595.1,3,A,6,2021-05-24 21:15:08.000,3751,3680,-10,0.08,0.00,0.45,7.42,1.5,8,0.00,,,,,,,,13
1084323775,9035,2021-05-24 21:30:01.000,8.8252649,47.2916491,602.7,3,A,10,2021-05-24 21:30:11.000,3751,3670,-11,0.09,0.00,0.82,12.29,3.9,7,0.00,,,,,,,,13
4230131011,9035,2021-05-24 21:45:01.000,8.8253068,47.2922595,601.6,3,A,24,2021-05-24 21:45:26.000,3751,3673,-10,0.56,0.00,4.43,69.38,6.6,4,0.00,,,,,,,,13
0228319820,9035,2021-05-24 22:00:01.000,8.8251618,47.2916153,582.7,3,A,21,2021-05-24 22:00:23.000,3751,3676,-11,0.02,0.00,1.07,11.52,2.0,6,0.00,,,,,,,,13
0010960938,9035,2021-05-24 22:15:01.000,8.8251940,47.2916100,585.2,3,A,12,2021-05-24 22:15:14.000,3751,3665,-11,0.08,179.57,0.80,14.85,2.4,6,0.00,,,,,,,,13
1698004848,9035,2021-05-24 22:30:01.000,8.8251665,47.2917061,584.4,3,A,15,2021-05-24 22:30:17.000,3751,3671,-11,0.06,357.83,0.74,14.08,2.4,6,0.00,,,,,,,,13
3111231015,9035,2021-05-24 22:45:01.000,8.8251777,47.2918100,584.7,3,A,7,2021-05-24 22:45:09.000,3751,3675,-11,0.03,0.00,0.63,11.01,3.0,5,0.00,,,,,,,,13
3543655143,9035,2021-05-24 23:00:01.000,8.8252119,47.2916086,584.6,3,A,22,2021-05-24 23:00:24.000,3748,3668,-11,0.13,170.39,0.86,30.46,3.2,5,0.00,,,,,,,,13
0016759737,9035,2021-05-24 23:15:01.000,8.8251615,47.2917726,596.9,3,A,8,2021-05-24 23:15:10.000,3747,3665,-11,0.19,350.62,0.71,17.66,3.1,5,0.00,,,,,,,,13
4101922624,9035,2021-05-24 23:30:01.000,8.8252066,47.2917499,601.6,3,A,7,2021-05-24 23:30:09.000,3751,3675,-12,0.03,0.00,0.78,14.08,2.9,5,0.00,,,,,,,,13
1855889486,9035,2021-05-24 23:45:01.000,8.8252369,47.2916661,602.8,3,A,21,2021-05-24 23:45:23.000,3748,3675,-12,0.02,0.00,0.58,8.70,1.8,7,0.00,,,,,,,,13
0276529613,9035,2021-05-25 00:00:01.000,8.8251770,47.2916534,581.2,3,A,21,2021-05-25 00:00:23.000,3748,3671,-12,0.02,0.00,0.88,17.41,2.6,6,0.00,,,,,,,,13
3201085067,9035,2021-05-25 00:15:01.000,8.8252253,47.2917123,592.5,3,A,8,2021-05-25 00:15:10.000,3747,3670,-12,0.00,201.20,0.62,11.01,2.7,5,0.00,,,,,,,,13
0721064566,9035,2021-05-25 00:30:01.000,8.8251176,47.2918056,575.9,3,A,8,2021-05-25 00:30:10.000,3747,3660,-12,0.01,0.00,0.68,15.36,2.6,5,0.00,,,,,,,,13
4110262343,9035,2021-05-25 00:45:01.000,8.8251972,47.2916929,588.5,3,A,7,2021-05-25 00:45:09.000,3747,3670,-12,0.06,0.00,0.56,9.98,2.8,5,0.00,,,,,,,,13
2446106372,9035,2021-05-25 01:00:01.000,8.8251377,47.2918216,574.6,3,A,7,2021-05-25 01:00:09.000,3747,3670,-12,0.18,0.00,1.02,19.46,4.0,4,0.00,,,,,,,,13
2159010235,9035,2021-05-25 01:15:01.000,8.8251034,47.2917285,583.0,3,A,8,2021-05-25 01:15:10.000,3751,3666,-12,0.14,0.00,1.13,22.53,4.2,4,0.00,,,,,,,,13
3224707887,9035,2021-05-25 01:30:01.000,8.8251876,47.2916447,598.2,3,A,21,2021-05-25 01:30:23.000,3748,3670,-12,0.04,0.00,0.78,10.24,2.2,7,0.00,,,,,,,,13
3794577260,9035,2021-05-25 01:45:01.000,8.8251765,47.2916477,586.4,3,A,5,2021-05-25 01:45:07.000,3747,3670,-12,0.02,0.00,0.50,4.35,2.4,7,0.00,,,,,,,,13
3219070720,9035,2021-05-25 02:00:01.000,8.8251183,47.2917124,608.7,3,A,6,2021-05-25 02:00:07.000,3748,3670,-12,0.06,345.37,0.66,8.19,3.7,6,0.00,,,,,,,,13
2834430760,9035,2021-05-25 02:15:01.000,8.8252203,47.2916342,604.2,3,A,6,2021-05-25 02:15:08.000,3747,3670,-12,0.11,0.00,1.04,7.42,4.6,6,0.00,,,,,,,,13
4282709322,9035,2021-05-25 02:30:01.000,8.8252658,47.2917174,590.7,3,A,6,2021-05-25 02:30:08.000,3747,3665,-13,0.14,0.00,0.98,6.91,4.5,6,0.00,,,,,,,,13
2723253841,9035,2021-05-25 02:45:01.000,8.8252522,47.2916509,615.3,3,A,6,2021-05-25 02:45:08.000,3747,3670,-13,0.04,0.00,0.87,7.42,3.7,5,0.00,,,,,,,,13
1673107621,9035,2021-05-25 03:00:01.000,8.8252335,47.2916658,624.2,3,A,6,2021-05-25 03:00:08.000,3747,3666,-12,0.12,17.04,0.78,8.96,3.0,6,0.00,,,,,,,,13
0125114359,9035,2021-05-25 03:15:01.000,8.8252453,47.2916609,603.5,3,A,15,2021-05-25 03:15:17.000,3747,3649,-13,0.00,0.00,0.86,14.34,2.9,6,0.00,,,,,,,,13
4042784862,9035,2021-05-25 03:30:01.000,8.8252865,47.2917789,582.8,3,A,11,2021-05-25 03:30:13.000,3746,3651,-13,0.45,67.50,1.32,12.54,3.1,6,0.00,,,,,,,,13
3447550440,9035,2021-05-25 03:45:01.000,8.8251391,47.2917175,597.9,3,A,8,2021-05-25 03:45:10.000,3746,3668,-13,0.33,128.45,1.44,18.18,3.2,6,0.00,,,,,,,,13
3207586377,9035,2021-05-25 04:00:01.000,8.8252229,47.2915812,591.8,3,A,8,2021-05-25 04:00:10.000,3746,3665,-13,0.30,0.00,1.08,19.97,4.8,4,0.00,,,,,,,,13
3775256208,9035,2021-05-25 04:15:01.000,8.8251837,47.2915469,585.5,3,A,21,2021-05-25 04:15:23.000,3743,3662,-13,0.01,0.00,0.69,7.42,3.2,6,0.00,,,,,,,,13
4135028423,9035,2021-05-25 04:30:01.000,8.8252962,47.2916228,608.1,3,A,8,2021-05-25 04:30:10.000,3742,3652,-13,0.06,0.00,0.73,7.42,3.5,6,0.00,,,,,,,,13
0811926208,9035,2021-05-25 04:45:01.000,8.8252308,47.2917730,602.1,3,A,8,2021-05-25 04:45:10.000,3741,3651,-13,0.02,174.33,0.83,17.15,3.2,5,0.00,,,,,,,,13
3568203545,9035,2021-05-25 05:00:01.000,8.8251635,47.2919103,590.5,3,A,10,2021-05-25 05:00:12.000,3741,3660,-13,2.27,346.69,2.84,30.72,2.6,6,0.00,,,,,,,,13
3169537307,9035,2021-05-25 05:15:01.000,8.8252261,47.2915926,581.3,3,A,8,2021-05-25 05:15:10.000,3741,3651,-12,0.07,0.00,0.55,9.73,2.2,6,0.00,,,,,,,,13
1048512731,9035,2021-05-25 05:30:01.000,8.8252876,47.2916563,597.2,3,A,12,2021-05-25 05:30:13.000,3741,3658,-10,0.19,0.00,1.15,18.43,4.3,5,0.00,,,,,,,,13
3169457578,9035,2021-05-25 05:45:01.000,8.8253107,47.2916559,602.3,3,A,15,2021-05-25 05:45:17.000,3741,3653,-12,0.01,0.00,0.44,19.97,1.8,6,0.00,,,,,,,,13
2657818442,9035,2021-05-25 06:00:01.000,8.8251475,47.2917124,589.3,3,A,11,2021-05-25 06:00:13.000,3741,3660,-10,0.56,0.00,1.30,40.45,1.7,6,0.00,,,,,,,,13
0503307163,9035,2021-05-25 06:15:01.000,8.8251933,47.2916680,588.3,3,A,21,2021-05-25 06:15:23.000,3741,3665,-11,0.03,0.00,0.33,8.70,2.2,6,0.00,,,,,,,,13
1519205187,9035,2021-05-25 06:30:01.000,8.8252758,47.2916622,584.4,3,A,9,2021-05-25 06:30:11.000,3737,3647,-12,0.06,325.06,0.85,8.96,2.8,6,0.00,,,,,,,,13
1442209378,9035,2021-05-25 06:45:01.000,8.8252461,47.2916658,595.3,3,A,8,2021-05-25 06:45:10.000,3737,3660,-12,0.20,0.00,1.23,10.24,4.0,6,0.00,,,,,,,,13
3105762056,9035,2021-05-25 07:00:01.000,8.8252305,47.2916629,604.3,3,A,18,2021-05-25 07:00:20.000,3741,3660,-11,0.04,9.83,0.68,5.63,3.2,6,0.00,,,,,,,,13
1962462177,9035,2021-05-25 07:15:01.000,8.8253423,47.2917110,615.1,3,A,7,2021-05-25 07:15:09.000,3741,3658,-10,0.17,0.00,0.75,6.91,2.9,6,0.00,,,,,,,,13
2741809687,9035,2021-05-25 07:30:01.000,8.8252911,47.2916589,602.1,3,A,8,2021-05-25 07:30:09.000,3736,3665,-10,0.09,0.00,0.56,10.75,2.4,6,0.00,,,,,,,,13
2336505220,9035,2021-05-25 07:45:01.000,8.8252292,47.2916662,615.4,3,A,10,2021-05-25 07:45:12.000,3736,3656,-11,0.03,347.34,0.72,19.97,2.7,5,0.00,,,,,,,,13
2018775422,9035,2021-05-25 08:00:01.000,8.8252291,47.2916625,589.6,3,A,8,2021-05-25 08:00:08.999,3736,3660,-11,0.01,0.00,0.64,7.17,2.5,5,0.00,,,,,,,,13
3989160675,9035,2021-05-25 08:15:01.000,8.8253059,47.2914506,580.8,3,A,9,2021-05-25 08:15:11.000,3736,3658,-10,0.18,0.00,0.83,15.36,2.2,5,0.00,,,,,,,,13
2420561600,9035,2021-05-25 08:30:01.000,8.8253579,47.2918229,616.2,3,A,15,2021-05-25 08:30:17.000,3739,3660,-9,0.01,0.00,0.83,29.44,3.5,4,0.00,,,,,,,,13
3217563126,9035,2021-05-25 08:45:01.000,8.8253834,47.2915890,601.0,3,A,15,2021-05-25 08:45:17.000,3741,3663,-8,0.10,169.08,0.85,16.64,1.9,5,0.00,,,,,,,,13
3537727577,9035,2021-05-25 09:00:01.000,8.8253790,47.2916600,596.3,3,A,14,2021-05-25 09:00:16.000,3736,3668,-8,0.47,0.00,1.63,22.78,2.8,4,0.00,,,,,,,,13
2525840840,9035,2021-05-25 09:15:01.000,8.8250850,47.2915729,608.9,3,A,21,2021-05-25 09:15:23.000,3736,3673,-7,0.06,0.00,1.26,11.52,2.8,5,0.00,,,,,,,,13
2351561605,9035,2021-05-25 09:30:01.000,8.8251224,47.2916453,615.8,3,A,11,2021-05-25 09:30:13.000,3737,3676,-5,0.17,4.59,1.38,17.15,3.4,5,0.00,,,,,,,,13
2107960021,9035,2021-05-25 09:45:00.000,8.8250970,47.2914825,589.8,3,A,19,2021-05-25 09:45:20.000,3736,3676,-4,0.01,191.37,0.48,38.40,5.5,6,0.00,,,,,,,,13
0768275230,9035,2021-05-25 10:00:01.000,8.8251290,47.2914822,598.1,3,A,9,2021-05-25 10:00:11.000,3736,3660,-7,0.16,0.00,1.02,20.74,4.3,6,0.00,,,,,,,,13
0313965896,9035,2021-05-25 10:15:01.000,8.8251945,47.2915631,606.2,3,A,6,2021-05-25 10:15:08.000,3735,3676,-6,0.04,0.00,0.60,13.57,3.1,6,0.00,,,,,,,,13
0459650675,9035,2021-05-25 10:30:01.000,8.8251567,47.2915421,608.5,3,A,9,2021-05-25 10:30:11.000,3736,3666,-6,0.08,0.00,0.77,14.08,3.3,5,0.00,,,,,,,,13
0996721785,9035,2021-05-25 10:45:01.000,8.8252912,47.2916789,617.3,3,A,14,2021-05-25 10:45:16.000,3735,3665,-5,0.01,0.00,0.84,8.96,4.1,5,0.00,,,,,,,,13
0922984963,9035,2021-05-25 11:00:01.000,8.8252881,47.2917144,594.5,3,A,8,2021-05-25 11:00:10.000,3737,3671,-4,0.21,0.00,1.45,19.20,6.0,5,0.00,,,,,,,,13
0415943566,9035,2021-05-25 11:15:01.000,8.8251237,47.2918209,546.1,3,A,11,2021-05-25 11:15:13.000,3734,3665,-6,0.36,0.00,1.80,16.38,9.6,5,0.00,,,,,,,,13
2993757327,9035,2021-05-25 11:30:01.000,8.8241565,47.2925986,359.1,3,A,13,2021-05-25 11:30:15.000,3732,3668,-6,0.65,138.94,2.64,45.06,10.9,5,0.00,,,,,,,,13
0939088465,9035,2021-05-25 11:45:01.000,8.8255398,47.2914445,643.7,3,A,15,2021-05-25 11:45:17.000,3732,3671,-4,0.46,0.00,2.15,47.62,7.1,5,0.00,,,,,,,,13
3081924628,9035,2021-05-25 12:00:01.000,8.8252421,47.2917296,601.3,3,A,21,2021-05-25 12:00:23.000,3732,3676,-5,0.04,0.00,0.49,8.19,2.1,6,0.00,,,,,,,,13
4236674218,9035,2021-05-25 12:15:01.000,8.8252215,47.2916325,602.6,3,A,8,2021-05-25 12:15:10.000,3732,3668,-8,0.20,199.88,1.08,29.95,5.8,4,0.00,,,,,,,,13
0495846732,9035,2021-05-25 12:30:01.000,8.8251729,47.2916644,581.6,3,A,11,2021-05-25 12:30:13.000,3736,3674,-4,1.14,326.37,4.37,63.23,12.5,4,0.00,,,,,,,,13
0035796270,9035,2021-05-25 12:45:01.000,8.8252406,47.2916625,603.0,3,A,19,2021-05-25 12:45:21.000,3732,3674,-4,0.07,350.62,0.68,5.12,3.0,6,0.00,,,,,,,,13
2450303550,9035,2021-05-25 13:00:01.000,8.8252718,47.2915791,587.3,3,A,15,2021-05-25 13:00:17.000,3730,3654,-6,0.06,0.00,1.00,14.59,3.4,6,0.00,,,,,,,,13
2181094395,9035,2021-05-25 13:15:01.000,8.8252505,47.2917062,598.5,3,A,8,2021-05-25 13:15:10.000,3732,3660,-6,0.28,18.35,1.03,9.73,3.0,6,0.00,,,,,,,,13
3622468572,9035,2021-05-25 13:30:01.000,8.8253383,47.2917172,639.5,3,A,10,2021-05-25 13:30:12.000,3746,3675,-2,0.07,212.99,1.59,18.43,6.0,5,0.00,,,,,,,,13
4192737919,9035,2021-05-25 13:45:01.000,8.8252718,47.2916671,581.0,3,A,10,2021-05-25 13:45:12.000,3732,3675,-2,0.16,0.00,1.50,14.59,4.9,5,0.00,,,,,,,,13
3363211371,9035,2021-05-25 14:00:01.000,8.8256750,47.2914755,663.2,3,A,12,2021-05-25 14:00:13.000,3729,3670,-5,0.16,0.00,1.25,14.59,4.9,5,0.00,,,,,,,,13
2810996691,9035,2021-05-25 14:15:00.000,8.8252120,47.2916409,585.1,3,A,9,2021-05-25 14:15:10.000,3730,3675,-4,0.34,119.93,1.46,24.83,6.8,4,0.00,,,,,,,,13
0008513394,9035,2021-05-25 14:30:01.000,8.8248702,47.2919881,574.1,3,A,16,2021-05-25 14:30:18.000,3729,3665,-3,0.45,122.55,2.86,67.58,14.4,5,0.00,,,,,,,,13
2533592284,9035,2021-05-25 14:45:00.000,8.8252329,47.2916752,598.0,3,A,8,2021-05-25 14:45:09.000,3728,3665,-3,0.04,17.69,0.46,11.26,2.2,7,0.00,,,,,,,,13
4238948405,9035,2021-05-25 15:00:01.000,8.8252525,47.2916968,598.9,3,A,10,2021-05-25 15:00:12.000,3736,3680,-1,0.15,0.00,0.60,11.01,2.5,6,0.00,,,,,,,,13
3247825091,9035,2021-05-25 15:15:01.000,8.8251453,47.2917983,567.6,3,A,11,2021-05-25 15:15:13.000,3728,3675,-3,0.28,5.24,1.83,34.56,8.6,4,0.00,,,,,,,,13
2701000642,9035,2021-05-25 15:30:01.000,8.8251120,47.2917205,593.5,3,A,10,2021-05-25 15:30:12.000,3728,3671,-2,0.39,0.00,1.38,27.39,2.8,5,0.00,,,,,,,,13
2399968849,9035,2021-05-25 15:45:01.000,8.8252041,47.2916677,576.3,3,A,8,2021-05-25 15:45:10.000,3728,3673,-3,0.34,0.00,1.33,16.64,5.2,4,0.00,,,,,,,,13
1869758825,9035,2021-05-25 16:00:01.000,8.8252799,47.2916227,609.9,3,A,9,2021-05-25 16:00:10.000,3728,3673,-3,0.36,0.00,1.31,20.22,5.0,4,0.00,,,,,,,,13
2348651773,9035,2021-05-25 16:15:01.000,8.8252622,47.2916495,596.7,3,A,21,2021-05-25 16:15:23.000,3725,3665,-3,0.04,0.00,0.82,8.19,3.8,5,0.00,,,,,,,,13
1053561435,9035,2021-05-25 16:30:01.000,8.8251897,47.2917112,611.5,3,A,7,2021-05-25 16:30:09.000,3724,3668,-4,0.31,4.59,1.03,13.31,3.9,5,0.00,,,,,,,,13
0556221336,9035,2021-05-25 16:45:01.000,8.8252320,47.2916993,602.7,3,A,5,2021-05-25 16:45:07.000,3723,3670,-3,0.34,4.59,0.90,13.57,3.3,5,0.00,,,,,,,,13
3105171882,9035,2021-05-25 17:00:01.000,8.8251720,47.2917375,605.4,3,A,12,2021-05-25 17:00:14.000,3723,3657,-3,0.79,1.31,2.02,45.06,2.7,5,0.00,,,,,,,,13
1750660434,9035,2021-05-25 17:15:01.000,8.8251747,47.2914092,598.6,3,A,11,2021-05-25 17:15:13.000,3724,3666,-4,0.44,356.52,2.61,38.40,2.3,5,0.00,,,,,,,,13
1182466718,9035,2021-05-25 17:30:01.000,8.8251801,47.2917380,605.5,3,A,9,2021-05-25 17:30:11.000,3723,3658,-4,0.08,0.00,0.76,8.96,2.9,4,0.00,,,,,,,,13
4127613662,9035,2021-05-25 17:45:01.000,8.8251843,47.2917438,609.9,3,A,9,2021-05-25 17:45:11.000,3723,3652,-6,0.02,0.00,0.39,10.24,2.7,4,0.00,,,,,,,,13
1357867113,9035,2021-05-25 18:00:01.000,8.8251719,47.2917410,607.8,3,A,12,2021-05-25 18:00:14.000,3718,3656,-7,0.12,0.00,1.38,18.18,2.6,4,0.00,,,,,,,,13
0535695859,9035,2021-05-25 18:15:01.000,8.8256773,47.2920043,564.4,3,A,21,2021-05-25 18:15:23.000,3723,3651,-7,0.21,218.89,1.51,31.23,9.0,5,0.00,,,,,,,,13
0284486054,9035,2021-05-25 18:30:01.000,8.8252269,47.2917058,591.6,3,A,8,2021-05-25 18:30:09.000,3718,3651,-7,0.30,9.83,1.04,12.80,2.2,6,0.00,,,,,,,,13
3817756967,9035,2021-05-25 18:45:01.000,8.8252823,47.2916988,591.9,3,A,10,2021-05-25 18:45:12.000,3718,3635,-8,0.10,43.91,0.91,16.13,3.6,5,0.00,,,,,,,,13
2021123473,9035,2021-05-25 19:00:01.000,8.8252619,47.2917082,608.8,3,A,12,2021-05-25 19:00:14.000,3718,3640,-8,0.03,31.46,1.06,12.80,3.1,5,0.00,,,,,,,,13
3612251082,9035,2021-05-25 19:15:01.000,8.8251279,47.2916463,600.6,3,A,20,2021-05-25 19:15:22.000,3718,3637,-9,0.06,26.21,0.80,8.45,3.5,7,0.00,,,,,,,,13
0033924594,9035,2021-05-25 19:30:01.000,8.8252317,47.2916713,590.4,3,A,7,2021-05-25 19:30:09.000,3723,3646,-9,0.05,0.00,0.81,4.61,3.8,7,0.00,,,,,,,,13
0849672167,9035,2021-05-25 19:45:01.000,8.8252390,47.2917724,579.3,3,A,7,2021-05-25 19:45:09.000,3723,3646,-9,0.08,0.00,1.03,8.19,4.0,7,0.00,,,,,,,,13
3874086927,9035,2021-05-25 20:00:01.000,8.8252667,47.2917591,577.8,3,A,6,2021-05-25 20:00:08.000,3723,3646,-9,0.11,249.04,0.82,6.66,3.8,7,0.00,,,,,,,,13
1873846960,9035,2021-05-25 20:15:01.000,8.8252126,47.2917067,593.4,3,A,9,2021-05-25 20:15:11.000,3723,3630,-10,0.12,0.00,1.13,12.54,3.3,7,0.00,,,,,,,,13
3685219772,9035,2021-05-25 20:30:01.000,8.8251966,47.2918100,556.4,3,A,9,2021-05-25 20:30:11.000,3723,3632,-11,0.15,0.00,1.01,14.08,3.0,7,0.00,,,,,,,,13
2449328460,9035,2021-05-25 20:45:01.000,8.8252607,47.2916740,580.5,3,A,9,2021-05-25 20:45:11.000,3719,3629,-11,0.17,275.91,0.87,15.62,3.1,6,0.00,,,,,,,,13
3484883416,9035,2021-05-25 21:00:01.000,8.8252009,47.2919036,594.4,3,A,10,2021-05-25 21:00:12.000,3723,3624,-12,0.76,323.09,1.53,28.67,3.2,6,0.00,,,,,,,,13
2077545584,9035,2021-05-25 21:15:01.000,8.8252602,47.2917101,585.1,3,A,18,2021-05-25 21:15:20.000,3719,3635,-12,0.00,171.05,0.50,5.89,1.9,7,0.00,,,,,,,,13
1866571613,9035,2021-05-25 21:30:01.000,8.8252685,47.2916750,594.4,3,A,8,2021-05-25 21:30:10.000,3718,3623,-12,0.08,0.00,0.70,11.78,1.9,7,0.00,,,,,,,,13
2304082329,9035,2021-05-25 21:45:01.000,8.8252352,47.2918190,592.7,3,A,18,2021-05-25 21:45:20.000,3718,3627,-12,0.57,0.00,1.54,26.62,2.3,6,0.00,,,,,,,,13
2054042849,9035,2021-05-25 22:00:01.000,8.8252757,47.2916498,596.9,3,A,8,2021-05-25 22:00:09.000,3718,3634,-11,0.05,0.00,0.60,11.52,2.4,6,0.00,,,,,,,,13
0838956514,9035,2021-05-25 22:15:01.000,8.8252162,47.2917217,587.8,3,A,9,2021-05-25 22:15:11.000,3718,3619,-11,0.02,353.24,0.68,11.52,2.9,5,0.00,,,,,,,,13
1715909184,9035,2021-05-25 22:30:01.000,8.8251221,47.2922634,619.9,3,A,12,2021-05-25 22:30:14.000,3718,3634,-11,0.02,7.86,1.41,33.54,4.5,4,0.00,,,,,,,,13
1213327257,9035,2021-05-25 22:45:01.000,8.8251436,47.2915357,610.0,3,A,14,2021-05-25 22:45:16.000,3718,3629,-11,0.18,186.12,1.15,19.97,3.1,5,0.00,,,,,,,,13
0365884255,9035,2021-05-25 23:00:01.000,8.8252127,47.2916271,598.5,3,A,18,2021-05-25 23:00:19.000,3718,3630,-12,0.11,0.00,0.70,10.75,3.2,5,0.00,,,,,,,,13
2645218854,9035,2021-05-25 23:15:00.000,8.8251755,47.2916130,597.1,3,A,10,2021-05-25 23:15:11.999,3718,3629,-12,0.06,0.00,0.65,12.29,2.9,5,0.00,,,,,,,,13
1426415729,9035,2021-05-25 23:30:02.000,8.8252692,47.2913166,587.5,3,A,8,2021-05-25 23:30:11.000,3718,3619,-12,0.08,0.00,1.20,33.54,2.9,5,0.00,,,,,,,,13
3813391397,9035,2021-05-25 23:45:01.000,8.8252111,47.2916943,595.5,3,A,8,2021-05-25 23:45:10.000,3718,3632,-12,0.28,167.12,3.10,56.06,3.1,5,0.00,,,,,,,,13
2739631637,9035,2021-05-26 00:00:01.000,8.8252263,47.2917133,607.6,3,A,20,2021-05-26 00:00:22.000,3718,3627,-12,0.01,0.00,0.70,8.70,2.4,6,0.00,,,,,,,,13
4275495966,9035,2021-05-26 00:15:01.000,8.8252218,47.2917400,608.1,3,A,9,2021-05-26 00:15:11.000,3718,3619,-12,0.03,0.00,0.70,10.75,2.6,5,0.00,,,,,,,,13
4124829458,9035,2021-05-26 00:30:01.000,8.8252166,47.2917932,589.4,3,A,9,2021-05-26 00:30:11.000,3718,3619,-12,0.10,0.00,0.89,19.46,2.6,5,0.00,,,,,,,,13
3450951926,9035,2021-05-26 00:45:01.000,8.8250577,47.2916488,606.2,3,A,21,2021-05-26 00:45:23.000,3715,3614,-13,0.13,0.00,0.74,13.82,2.5,6,0.00,,,,,,,,13
3111027565,9035,2021-05-26 01:00:01.000,8.8251384,47.2918156,604.0,3,A,26,2021-05-26 01:00:28.000,3718,3613,-12,0.17,0.00,1.37,22.53,2.7,6,0.00,,,,,,,,13
1348532032,9035,2021-05-26 01:15:01.000,8.8251060,47.2915248,578.6,3,A,9,2021-05-26 01:15:11.000,3718,3615,-13,0.49,353.89,1.81,20.74,3.3,5,0.00,,,,,,,,13
3964940589,9035,2021-05-26 01:30:01.000,8.8251649,47.2916728,582.9,3,A,8,2021-05-26 01:30:09.000,3715,3627,-13,0.32,354.55,1.24,9.98,7.0,4,0.00,,,,,,,,13
2827265018,9035,2021-05-26 01:45:01.000,8.8250787,47.2917741,600.1,3,A,8,2021-05-26 01:45:10.000,3715,3627,-13,0.09,0.00,1.01,7.17,5.0,4,0.00,,,,,,,,13
2506575678,9035,2021-05-26 02:00:01.000,8.8250755,47.2917651,579.5,3,A,6,2021-05-26 02:00:08.000,3715,3627,-12,0.13,0.00,1.01,12.54,4.7,4,0.00,,,,,,,,13
0273371677,9035,2021-05-26 02:15:01.000,8.8251330,47.2916331,581.9,3,A,8,2021-05-26 02:15:10.000,3715,3627,-13,0.21,0.00,1.25,27.90,5.2,4,0.00,,,,,,,,13
3154452399,9035,2021-05-26 02:30:00.000,8.8254327,47.2914995,613.7,3,A,10,2021-05-26 02:30:11.000,3715,3627,-12,0.45,114.69,1.93,61.70,6.3,4,0.00,,,,,,,,13
2202661381,9035,2021-05-26 02:45:02.000,8.8251858,47.2916830,592.9,3,A,20,2021-05-26 02:45:23.000,3715,3623,-13,0.03,0.00,0.88,7.68,3.2,7,0.00,,,,,,,,13
0509839197,9035,2021-05-26 03:00:01.000,8.8252030,47.2916735,594.6,3,A,8,2021-05-26 03:00:10.000,3715,3613,-13,0.10,0.00,1.25,8.19,5.8,6,0.00,,,,,,,,13
1503190154,9035,2021-05-26 03:15:01.000,8.8252596,47.2915450,602.8,3,A,10,2021-05-26 03:15:12.000,3713,3623,-13,0.11,0.00,0.92,20.74,3.0,7,0.00,,,,,,,,13
3815608633,9035,2021-05-26 03:30:01.000,8.8251742,47.2916993,593.0,3,A,10,2021-05-26 03:30:11.000,3715,3609,-13,0.43,150.08,0.90,15.36,3.0,7,0.00,,,,,,,,13
3516711865,9035,2021-05-26 03:45:01.000,8.8252741,47.2915602,607.0,3,A,6,2021-05-26 03:45:07.999,3714,3623,-13,0.13,0.00,0.77,10.75,2.8,7,0.00,,,,,,,,13
3546820260,9035,2021-05-26 04:00:01.000,8.8252580,47.2916165,608.6,3,A,7,2021-05-26 04:00:09.000,3714,3620,-13,0.04,0.00,0.62,11.78,2.6,6,0.00,,,,,,,,13
0533445542,9035,2021-05-26 04:15:01.000,8.8251069,47.2916451,610.9,3,A,9,2021-05-26 04:15:11.000,3710,3602,-12,0.45,0.00,1.65,26.88,8.8,4,0.00,,,,,,,,13
1127296513,9035,2021-05-26 04:30:01.000,8.8257738,47.2915428,709.9,3,A,6,2021-05-26 04:30:08.000,3708,3614,-12,0.56,87.16,1.76,24.06,8.2,4,0.00,,,,,,,,13
0575443521,9035,2021-05-26 04:45:01.000,8.8248468,47.2916471,537.9,3,A,9,2021-05-26 04:45:11.000,3708,3613,-12,0.23,0.00,2.05,35.84,7.9,4,0.00,,,,,,,,13
2642981414,9035,2021-05-26 05:00:01.000,8.8251558,47.2916013,607.7,3,A,21,2021-05-26 05:00:23.000,3706,3608,-11,0.14,256.90,3.32,64.51,7.8,4,0.00,,,,,,,,13
1512804082,9035,2021-05-26 05:15:01.000,8.8252922,47.2916719,592.5,3,A,18,2021-05-26 05:15:20.000,3704,3613,-11,0.00,281.80,0.42,6.14,2.1,6,0.00,,,,,,,,13
1859265450,9035,2021-05-26 05:30:01.000,8.8252369,47.2916355,595.9,3,A,9,2021-05-26 05:30:11.000,3703,3597,-11,0.04,0.00,0.44,7.17,1.9,6,0.00,,,,,,,,13
0891250810,9035,2021-05-26 05:45:01.000,8.8252941,47.2916404,593.9,3,A,7,2021-05-26 05:45:09.000,3703,3615,-10,0.06,0.00,0.50,11.52,1.7,6,0.00,,,,,,,,13
0944980311,9035,2021-05-26 06:00:01.000,8.8253404,47.2917283,609.6,3,A,11,2021-05-26 06:00:13.000,3703,3618,-9,0.23,74.06,1.23,19.20,1.9,5,0.00,,,,,,,,13
1990960539,9035,2021-05-26 06:15:01.000,8.8252613,47.2916879,600.2,3,A,21,2021-05-26 06:15:23.000,3703,3620,-9,0.00,0.00,0.33,5.89,1.6,7,0.00,,,,,,,,13
1860017924,9035,2021-05-26 06:30:01.000,8.8253334,47.2918955,628.6,3,A,5,2021-05-26 06:30:07.000,3701,3623,-8,0.81,13.11,1.15,15.87,1.7,6,0.00,,,,,,,,13
1407046085,9035,2021-05-26 06:45:01.000,8.8252626,47.2917362,610.0,3,A,7,2021-05-26 06:45:09.000,3703,3627,-7,0.22,0.00,1.05,8.19,4.5,4,0.00,,,,,,,,13
0305167912,9035,2021-05-26 07:00:01.000,8.8252601,47.2916898,604.6,3,A,8,2021-05-26 07:00:10.000,3703,3637,-6,0.06,0.00,0.65,6.40,3.4,4,0.00,,,,,,,,13
2469275498,9035,2021-05-26 07:15:01.000,8.8252764,47.2916832,606.1,3,A,7,2021-05-26 07:15:09.000,3703,3634,-5,0.08,0.00,0.69,10.75,2.9,4,0.00,,,,,,,,13
2425826132,9035,2021-05-26 07:30:01.000,8.8252764,47.2917313,598.6,3,A,13,2021-05-26 07:30:15.000,3703,3635,-4,0.16,212.34,0.94,17.41,2.5,4,0.00,,,,,,,,13
2406034148,9035,2021-05-26 07:45:01.000,8.8251988,47.2917791,595.3,3,A,21,2021-05-26 07:45:23.000,3703,3637,-4,1.03,355.86,2.18,26.11,4.3,5,0.00,,,,,,,,13
0150182986,9035,2021-05-26 08:00:01.000,8.8252210,47.2916859,590.5,3,A,8,2021-05-26 08:00:10.000,3708,3646,-1,0.24,171.70,0.99,12.29,4.4,5,0.00,,,,,,,,13
2053614535,9035,2021-05-26 08:15:01.000,8.8252417,47.2916922,595.2,3,A,9,2021-05-26 08:15:11.000,3703,3646,-2,0.25,0.00,1.12,11.01,4.1,5,0.00,,,,,,,,13
4029380990,9035,2021-05-26 08:30:01.000,8.8250124,47.2919638,590.0,3,A,16,2021-05-26 08:30:18.000,3703,3646,-2,0.29,151.39,2.20,53.25,6.7,4,0.00,,,,,,,,13
1705085256,9035,2021-05-26 08:45:01.000,8.8253554,47.2915429,595.2,3,A,10,2021-05-26 08:45:12.000,3703,3640,-2,0.05,125.17,0.79,16.38,3.1,5,0.00,,,,,,,,13
0790437732,9035,2021-05-26 09:00:01.000,8.8252338,47.2916712,590.7,3,A,12,2021-05-26 09:00:14.000,3703,3648,-1,0.10,327.02,0.96,32.77,3.5,4,0.00,,,,,,,,13
4185752255,9035,2021-05-26 09:15:01.000,8.8251735,47.2916987,597.8,3,A,10,2021-05-26 09:15:12.000,3706,3651,-1,0.06,0.00,0.73,20.48,3.1,4,0.00,,,,,,,,13
2117572371,9035,2021-05-26 09:30:01.000,8.8251127,47.2916399,558.3,3,A,26,2021-05-26 09:30:28.000,3704,3646,1,0.18,0.00,1.12,24.06,4.1,4,0.00,,,,,,,,13
3607308139,9035,2021-05-26 09:45:00.000,8.8251640,47.2916574,593.1,3,A,10,2021-05-26 09:45:11.000,3701,3646,-1,0.20,0.00,1.08,13.82,3.8,4,0.00,,,,,,,,13
2137936111,9035,2021-05-26 10:00:01.000,8.8252865,47.2917069,597.2,3,A,21,2021-05-26 10:00:23.000,3701,3646,-3,0.05,0.00,0.80,10.24,2.7,6,0.00,,,,,,,,13
3907551141,9035,2021-05-26 10:15:01.000,8.8252960,47.2916141,601.4,3,A,9,2021-05-26 10:15:11.000,3697,3627,-4,0.14,8.52,0.74,13.57,3.0,5,0.00,,,,,,,,13
1477104714,9035,2021-05-26 10:30:01.000,8.8253182,47.2916997,606.6,3,A,18,2021-05-26 10:30:20.000,3696,3627,-4,0.06,6.55,0.79,11.52,3.1,5,0.00,,,,,,,,13
1287672489,9035,2021-05-26 10:45:01.000,8.8252749,47.2917162,595.3,3,A,8,2021-05-26 10:45:10.000,3697,3625,-4,0.06,0.00,0.88,12.80,3.5,5,0.00,,,,,,,,13
0016847188,9035,2021-05-26 11:00:01.000,8.8253472,47.2915775,614.6,3,A,16,2021-05-26 11:00:18.000,3695,3619,-4,0.08,0.00,1.17,17.41,4.0,5,0.00,,,,,,,,13
3305362734,9035,2021-05-26 11:15:01.000,8.8252618,47.2916896,601.2,3,A,6,2021-05-26 11:15:08.000,3693,3627,-5,0.26,0.00,1.05,11.52,4.0,6,0.00,,,,,,,,13
3752502411,9035,2021-05-26 11:30:01.000,8.8250611,47.2917632,585.5,3,A,15,2021-05-26 11:30:17.000,3693,3608,-4,0.08,0.00,1.04,24.06,4.0,5,0.00,,,,,,,,13
2297764648,9035,2021-05-26 11:45:01.000,8.8253351,47.2916449,601.8,3,A,9,2021-05-26 11:45:11.000,3691,3624,-4,0.24,31.46,0.99,29.18,2.9,6,0.00,,,,,,,,13
3069506902,9035,2021-05-26 12:00:01.000,8.8251502,47.2917156,599.2,3,A,8,2021-05-26 12:00:10.000,3690,3621,-4,0.08,0.00,1.07,15.36,2.9,5,0.00,,,,,,,,13
0560850826,9035,2021-05-26 12:15:01.000,8.8247896,47.2919085,588.7,3,A,10,2021-05-26 12:15:12.000,3690,3627,-4,0.36,58.33,1.23,36.35,2.5,5,0.00,,,,,,,,13
1584414759,9035,2021-05-26 12:30:01.000,8.8250350,47.2913310,529.0,3,A,14,2021-05-26 12:30:16.000,3690,3624,-4,2.85,334.23,3.56,52.99,7.6,4,0.00,,,,,,,,13
3777591095,9035,2021-05-26 12:45:01.000,8.8252451,47.2916777,598.2,3,A,21,2021-05-26 12:45:23.000,3690,3624,-4,0.01,0.00,0.54,5.38,2.7,6,0.00,,,,,,,,13
3399653284,9035,2021-05-26 13:00:01.000,8.8251689,47.2917296,577.1,3,A,13,2021-05-26 13:00:15.000,3690,3623,-4,0.10,0.00,0.44,13.82,2.7,6,0.00,,,,,,,,13
0323793437,9035,2021-05-26 13:15:01.000,8.8252519,47.2916073,591.9,3,A,11,2021-05-26 13:15:13.000,3690,3620,-4,0.12,0.00,0.97,17.41,3.1,5,0.00,,,,,,,,13
0306022092,9035,2021-05-26 13:30:01.000,8.8253652,47.2916650,647.6,3,A,8,2021-05-26 13:30:10.000,3688,3619,-4,0.12,0.00,1.67,14.34,8.5,4,0.00,,,,,,,,13
1887968207,9035,2021-05-26 13:45:01.000,8.8258629,47.2915051,704.7,3,A,7,2021-05-26 13:45:09.000,3688,3623,-4,0.49,104.86,2.19,37.89,10.2,4,0.00,,,,,,,,13
0688422624,9035,2021-05-26 14:00:01.000,8.8259644,47.2914737,677.0,3,A,7,2021-05-26 14:00:09.000,3688,3620,-5,1.00,114.03,2.40,47.87,13.7,4,0.00,,,,,,,,13
3730496613,9035,2021-05-26 14:15:01.000,8.8250646,47.2915627,548.1,3,A,21,2021-05-26 14:15:23.000,3688,3608,-5,0.05,0.00,0.96,15.62,3.5,4,0.00,,,,,,,,13
2321558986,9035,2021-05-26 14:30:01.000,8.8253107,47.2916572,605.0,3,A,6,2021-05-26 14:30:08.000,3686,3616,-5,0.16,0.00,0.72,10.24,3.3,4,0.00,,,,,,,,13
1459672091,9035,2021-05-26 14:45:01.000,8.8252658,47.2917006,605.9,3,A,8,2021-05-26 14:45:10.000,3685,3604,-5,0.11,0.00,1.02,19.46,3.2,4,0.00,,,,,,,,13
2289410514,9035,2021-05-26 15:00:01.000,8.8251410,47.2917215,584.0,3,A,39,2021-05-26 15:00:41.000,3686,3608,-5,0.23,16.38,1.75,19.20,6.0,4,0.00,,,,,,,,13
3781467501,9035,2021-05-26 15:15:01.000,8.8252759,47.2917343,581.7,3,A,14,2021-05-26 15:15:16.000,3685,3608,-5,0.05,213.65,1.17,19.46,4.7,4,0.00,,,,,,,,13
2790845764,9035,2021-05-26 15:30:00.000,,,,0,D,150,,3685,3592,0,,,,,,,0.00,,,,,,,,13
0628789801,9035,2021-05-26 15:45:00.000,,,,0,D,150,,3677,3601,4,,,,,,,0.00,,,,,,,,13
1181209357,9035,2021-05-26 16:00:01.000,8.8752462,47.2983079,837.4,3,A,45,2021-05-26 16:00:47.000,3675,3627,6,0.42,111.41,3.34,38.40,3.9,4,0.00,,,,,,,,13
1330316664,9035,2021-05-26 16:15:01.000,8.8752288,47.2983153,865.7,3,A,99,2021-05-26 16:16:41.000,3675,3613,7,0.65,0.00,2.04,36.86,6.7,4,0.00,,,,,,,,13
2538042704,9035,2021-05-26 16:30:01.000,8.8753695,47.2982908,888.7,3,A,24,2021-05-26 16:30:26.000,3673,3627,7,0.40,0.00,1.73,38.66,6.6,4,0.00,,,,,,,,13
3245530806,9035,2021-05-26 16:45:01.000,8.8753265,47.2983835,858.9,3,A,22,2021-05-26 16:45:24.000,3673,3627,7,1.30,243.79,3.33,42.75,6.9,4,0.00,,,,,,,,13
2324972001,9035,2021-05-26 17:00:01.000,8.8751872,47.2983233,866.6,3,A,36,2021-05-26 17:00:38.000,3675,3618,7,0.29,0.00,3.10,51.71,4.8,5,0.00,,,,,,,,13
4139502029,9035,2021-05-26 17:15:01.000,8.8378304,47.2986150,603.6,3,A,91,2021-05-26 17:16:33.000,3673,3615,7,2.22,233.31,2.77,45.57,4.5,5,0.00,,,,,,,,13
0516904539,9035,2021-05-26 17:30:00.000,,,,0,D,150,,3668,3590,7,,,,,,,0.00,,,,,,,,13
1201459382,9035,2021-05-26 17:45:00.000,,,,0,D,150,,3665,3580,6,,,,,,,0.00,,,,,,,,13
1790396561,9035,2021-05-26 18:00:00.000,,,,0,D,150,,3656,3570,7,,,,,,,0.00,,,,,,,,13
2402468021,9035,2021-05-26 18:15:00.000,,,,0,D,150,,3651,3560,6,,,,,,,0.00,,,,,,,,13
2706911213,9035,2021-05-26 18:30:00.000,,,,0,D,150,,3646,3542,6,,,,,,,0.00,,,,,,,,13
3398937321,9035,2021-05-26 18:45:00.000,,,,0,D,154,,3637,3532,7,,,,,,,0.00,,,,,,,,13
3399881063,9035,2021-05-26 19:00:00.000,,,,0,D,150,,3627,3514,6,,,,,,,0.00,,,,,,,,13
3865543951,9035,2021-05-26 19:15:00.000,,,,0,D,150,,3618,3500,6,,,,,,,0.00,,,,,,,,13
4003721130,9035,2021-05-26 19:30:00.000,,,,0,D,150,,3608,3486,7,,,,,,,0.00,,,,,,,,13
2050752769,9035,2021-05-26 20:00:00.000,,,,0,D,150,,3603,3485,6,,,,,,,0.00,,,,,,,,13
2492540101,9035,2021-05-26 21:00:00.000,,,,0,D,151,,3599,3482,6,,,,,,,0.00,,,,,,,,13
2902704045,9035,2021-05-27 00:30:00.000,,,,0,D,150,,3599,3487,6,,,,,,,0.00,,,,,,,,13
2754112870,9035,2021-05-27 09:15:01.000,8.7555376,47.2466007,531.1,3,A,115,2021-05-27 09:16:57.000,3624,3535,-3,0.04,132.38,0.89,69.12,14.8,4,0.00,,,,,,,,13
3345080284,9035,2021-05-27 09:30:01.000,8.7556054,47.2464906,546.3,3,A,96,2021-05-27 09:31:38.000,3632,3540,-3,0.29,164.50,4.18,60.67,8.5,4,0.00,,,,,,,,13
0995735460,9035,2021-05-27 09:45:00.000,,,,0,D,150,,3618,3489,-6,,,,,,,0.00,,,,,,,,13
2387235552,9035,2021-05-27 10:00:01.000,,,,0,D,150,2021-05-27 10:02:31.000,3629,3524,-4,,,,,,,0.00,,,,,,,,13
2094230716,9035,2021-05-27 10:15:01.000,8.7557273,47.2464039,570.5,3,A,59,2021-05-27 10:16:00.000,3627,3552,-4,0.37,344.06,2.67,30.72,14.7,4,0.00,,,,,,,,13
1056940460,9035,2021-05-27 10:30:01.000,8.7556722,47.2465438,523.2,3,A,40,2021-05-27 10:30:42.000,3665,3585,-2,1.35,190.71,2.70,34.05,8.7,4,0.00,,,,,,,,13
0899371728,9035,2021-05-27 10:45:00.000,8.7556710,47.2464585,550.9,3,A,61,2021-05-27 10:46:02.000,3670,3603,-4,0.10,332.92,1.58,34.30,5.6,4,0.00,,,,,,,,13
3773885021,9035,2021-05-27 11:00:01.000,8.7557600,47.2464775,560.2,3,A,103,2021-05-27 11:01:45.000,3703,3635,1,0.49,0.00,2.86,39.68,4.3,4,0.00,,,,,,,,13
2032546217,9035,2021-05-27 11:15:00.000,,,,0,D,150,,3713,3642,-1,,,,,,,0.00,,,,,,,,13
1229389196,9035,2021-05-27 11:30:00.000,,,,0,D,150,,3723,3670,4,,,,,,,0.00,,,,,,,,13
1698488266,9035,2021-05-27 11:45:01.000,8.7557792,47.2463628,547.9,3,A,140,2021-05-27 11:47:22.000,3732,3693,3,1.24,167.77,3.40,47.36,3.8,4,0.00,,,,,,,,13
2344395797,9035,2021-05-27 12:00:01.000,,,,0,D,150,2021-05-27 12:02:31.000,3770,3693,14,,,,,,,0.00,,,,,,,,13
2929118858,9035,2021-05-27 12:15:01.000,8.7557441,47.2462665,575.1,3,A,71,2021-05-27 12:16:13.000,3763,3708,18,0.42,4.59,1.73,45.06,5.9,4,0.00,,,,,,,,13
2872898071,9035,2021-05-27 12:30:01.000,8.7557102,47.2463975,557.8,3,A,61,2021-05-27 12:31:03.000,3791,3748,22,0.74,209.06,2.92,52.48,3.7,5,0.00,,,,,,,,13
3982375495,9035,2021-05-27 12:45:01.000,8.7555896,47.2464973,537.3,3,A,55,2021-05-27 12:45:57.000,3808,3773,26,0.85,142.21,2.91,46.85,8.0,4,0.00,,,,,,,,13
0858009260,9035,2021-05-27 12:59:59.000,8.7559574,47.2462187,601.0,3,A,59,2021-05-27 13:01:00.000,3801,3779,35,2.06,327.02,3.80,46.34,9.1,4,0.00,,,,,,,,13
2717462672,9035,2021-05-27 13:15:02.000,8.7557034,47.2464081,559.9,3,A,77,2021-05-27 13:16:20.000,3791,3753,11,0.52,323.75,4.25,31.74,11.2,4,0.00,,,,,,,,13
2463741896,9035,2021-05-27 13:30:01.000,,,,0,D,150,2021-05-27 13:32:31.000,3798,3760,8,,,,,,,0.00,,,,,,,,13
2787646504,9035,2021-05-27 13:45:01.000,8.7557044,47.2464307,546.9,3,A,78,2021-05-27 13:46:20.000,3808,3775,9,0.12,124.52,1.06,14.59,3.7,5,0.00,,,,,,,,13
1988710849,9035,2021-05-27 14:00:01.000,8.7556928,47.2464080,563.3,3,A,43,2021-05-27 14:00:45.000,3801,3767,7,0.29,0.00,1.28,21.25,3.3,5,0.00,,,,,,,,13
2054041477,9035,2021-05-27 14:15:01.000,8.7557807,47.2464120,558.1,3,A,51,2021-05-27 14:15:53.000,3803,3760,5,0.34,0.00,1.64,26.11,4.5,5,0.00,,,,,,,,13
1273973701,9035,2021-05-27 14:30:00.000,8.7555242,47.2466048,533.6,3,A,32,2021-05-27 14:30:33.000,3808,3768,6,0.16,319.82,2.02,47.10,4.9,5,0.00,,,,,,,,13
0040811961,9035,2021-05-27 14:45:01.000,8.7558635,47.2464347,550.0,3,A,36,2021-05-27 14:45:38.000,3801,3753,3,1.59,85.20,3.21,68.61,6.3,5,0.00,,,,,,,,13
0900295207,9035,2021-05-27 15:00:01.000,8.7558827,47.2463314,553.7,3,A,42,2021-05-27 15:00:44.000,3819,3773,5,0.54,124.52,1.55,43.01,4.4,5,0.00,,,,,,,,13
0230583827,9035,2021-05-27 15:15:01.000,8.7558143,47.2465638,532.0,3,A,60,2021-05-27 15:16:02.000,3813,3779,6,0.25,0.00,2.51,45.06,3.9,5,0.00,,,,,,,,13
3043707450,9035,2021-05-27 15:30:01.000,8.7556653,47.2463454,567.2,3,A,16,2021-05-27 15:30:18.000,3808,3768,5,0.08,0.00,0.97,20.48,3.4,5,0.00,,,,,,,,13
1002220096,9035,2021-05-27 15:45:01.000,8.7556544,47.2464282,557.7,3,A,25,2021-05-27 15:45:27.000,3808,3775,3,0.06,0.00,1.28,25.09,3.8,4,0.00,,,,,,,,13
0105910282,9035,2021-05-27 16:00:01.000,8.7556663,47.2464691,553.1,3,A,21,2021-05-27 16:00:23.000,3809,3765,3,0.35,188.74,1.59,17.41,3.9,4,0.00,,,,,,,,13
1133720780,9035,2021-05-27 16:15:01.000,8.7557473,47.2464553,567.2,3,A,14,2021-05-27 16:15:16.000,3808,3775,3,0.16,0.00,1.02,14.08,4.4,4,0.00,,,,,,,,13
2365442411,9035,2021-05-27 16:30:01.000,8.7557829,47.2464164,561.1,3,A,23,2021-05-27 16:30:25.000,3806,3763,0,0.33,18.35,2.00,26.88,5.2,4,0.00,,,,,,,,13
1022829068,9035,2021-05-27 16:45:01.000,8.7558390,47.2464175,569.7,3,A,51,2021-05-27 16:45:53.000,3808,3768,1,0.23,0.00,1.51,21.25,7.1,4,0.00,,,,,,,,13
3414003522,9035,2021-05-27 17:00:01.000,8.7556993,47.2463794,561.6,3,A,20,2021-05-27 17:00:22.000,3802,3757,-3,0.07,0.00,1.08,28.16,5.7,5,0.00,,,,,,,,13
0009902608,9035,2021-05-27 17:15:01.000,8.7557251,47.2463778,559.0,3,A,39,2021-05-27 17:15:41.000,3802,3760,-3,0.13,214.30,0.92,25.60,5.0,5,0.00,,,,,,,,13
1496136328,9035,2021-05-27 17:30:01.000,8.7556272,47.2464389,545.5,3,A,27,2021-05-27 17:30:29.000,3798,3747,-5,0.20,198.57,2.17,39.42,5.0,5,0.00,,,,,,,,13
3400726553,9035,2021-05-27 17:45:01.000,8.7556934,47.2464013,560.4,3,A,49,2021-05-27 17:45:51.000,3798,3743,-8,0.09,189.40,1.64,34.82,7.7,6,0.00,,,,,,,,13
2862484296,9035,2021-05-27 18:00:01.000,8.7556877,47.2464465,545.1,3,A,48,2021-05-27 18:00:49.000,3793,3736,-8,0.12,281.80,1.34,26.88,3.2,7,0.00,,,,,,,,13
3815032127,9035,2021-05-27 18:15:01.000,8.7556569,47.2464716,547.3,3,A,10,2021-05-27 18:15:12.000,3791,3732,-8,0.14,0.00,1.12,21.76,4.1,6,0.00,,,,,,,,13
3858254284,9035,2021-05-27 18:30:01.000,8.7555892,47.2463577,577.7,3,A,12,2021-05-27 18:30:14.000,3789,3734,-8,0.28,0.00,2.16,31.49,5.0,6,0.00,,,,,,,,13
1922512438,9035,2021-05-27 18:45:01.000,8.7556870,47.2462599,601.3,3,A,16,2021-05-27 18:45:18.000,3789,3725,-9,0.18,0.00,2.00,24.58,5.5,6,0.00,,,,,,,,13
0561793638,9035,2021-05-27 19:00:01.000,8.7557829,47.2463335,596.4,3,A,19,2021-05-27 19:00:21.000,3786,3723,-9,0.07,342.75,1.75,26.62,5.3,6,0.00,,,,,,,,13
3359706712,9035,2021-05-27 19:15:01.000,8.7557076,47.2463656,568.2,3,A,45,2021-05-27 19:15:47.000,3789,3728,-10,0.09,0.00,0.79,24.83,3.7,7,0.00,,,,,,,,13
3882851454,9035,2021-05-27 19:30:01.000,8.7556987,47.2465397,537.7,3,A,14,2021-05-27 19:30:16.000,3785,3729,-10,0.35,169.74,1.41,24.32,3.5,7,0.00,,,,,,,,13
0845796969,9035,2021-05-27 19:45:01.000,8.7556671,47.2464398,560.8,3,A,9,2021-05-27 19:45:11.000,3785,3718,-11,0.20,0.00,1.12,17.15,4.0,6,0.00,,,,,,,,13
0133030455,9035,2021-05-27 20:00:01.000,8.7557181,47.2464884,550.8,3,A,15,2021-05-27 20:00:17.000,3785,3723,-10,0.02,195.30,1.31,35.84,6.1,5,0.00,,,,,,,,13
3248201345,9035,2021-05-27 20:15:01.000,8.7556838,47.2465419,536.4,3,A,18,2021-05-27 20:15:20.000,3785,3725,-10,0.02,0.00,1.19,24.58,4.3,5,0.00,,,,,,,,13
3271674390,9035,2021-05-27 20:30:01.000,8.7557040,47.2464095,563.2,3,A,26,2021-05-27 20:30:28.000,3784,3725,-10,0.13,0.00,1.14,22.02,3.8,5,0.00,,,,,,,,13
4152942483,9035,2021-05-27 20:45:01.000,8.7556894,47.2465814,540.4,3,A,28,2021-05-27 20:45:30.000,3784,3725,-10,0.29,333.58,1.38,31.74,3.8,5,0.00,,,,,,,,13
2759988400,9035,2021-05-27 21:00:01.000,8.7557441,47.2465387,546.2,3,A,16,2021-05-27 21:00:18.000,3784,3715,-10,0.79,138.94,2.22,47.36,4.1,5,0.00,,,,,,,,13
0642043247,9035,2021-05-27 21:15:01.000,8.7555678,47.2462776,579.8,3,A,36,2021-05-27 21:15:38.000,3781,3723,-9,2.33,215.61,3.04,41.47,2.7,6,0.00,,,,,,,,13
1210008863,9035,2021-05-27 21:30:01.000,8.7556881,47.2465166,543.1,3,A,25,2021-05-27 21:30:27.000,3784,3724,-10,0.08,0.00,0.98,17.66,3.3,4,0.00,,,,,,,,13
3199457449,9035,2021-05-27 21:45:01.000,8.7557388,47.2464995,540.3,3,A,43,2021-05-27 21:45:45.000,3780,3723,-11,0.36,0.00,1.75,24.58,2.9,5,0.00,,,,,,,,13
4119669847,9035,2021-05-27 22:00:01.000,8.7556418,47.2463659,561.0,3,A,38,2021-05-27 22:00:40.000,3784,3719,-12,0.33,0.00,1.31,19.20,3.8,5,0.00,,,,,,,,13
3856792838,9035,2021-05-27 22:15:01.000,8.7557099,47.2464450,549.7,3,A,22,2021-05-27 22:15:24.000,3781,3723,-12,0.23,0.00,1.22,18.94,5.5,4,0.00,,,,,,,,13
3687403393,9035,2021-05-27 22:30:01.000,8.7557227,47.2463908,566.9,3,A,18,2021-05-27 22:30:20.000,3779,3714,-13,0.02,0.00,1.42,19.71,5.8,4,0.00,,,,,,,,13
1067715492,9035,2021-05-27 22:45:01.000,8.7556344,47.2462120,601.7,3,A,28,2021-05-27 22:45:30.000,3779,3708,-14,0.36,190.71,2.03,43.52,6.7,4,0.00,,,,,,,,13
2927502989,9035,2021-05-27 23:00:01.000,8.7555990,47.2463824,579.6,3,A,21,2021-05-27 23:00:23.000,3779,3706,-14,0.93,268.70,2.26,43.26,8.5,4,0.00,,,,,,,,13
3822406662,9035,2021-05-27 23:15:01.000,8.7556080,47.2465013,561.1,3,A,37,2021-05-27 23:15:38.000,3779,3703,-14,0.06,135.66,1.23,32.51,4.8,5,0.00,,,,,,,,13
0157411126,9035,2021-05-27 23:30:01.000,8.7557575,47.2464909,546.4,3,A,21,2021-05-27 23:30:23.000,3779,3713,-14,0.08,0.00,1.56,28.93,7.0,4,0.00,,,,,,,,13
2806204999,9035,2021-05-27 23:45:01.000,8.7557352,47.2464599,550.2,3,A,29,2021-05-27 23:45:31.000,3779,3703,-14,0.09,0.00,1.24,26.62,3.4,5,0.00,,,,,,,,13
1664915904,9035,2021-05-28 00:00:01.000,8.7557251,47.2464342,549.2,3,A,28,2021-05-28 00:00:30.000,3779,3703,-14,0.16,0.00,1.11,28.93,3.5,5,0.00,,,,,,,,13
1667447280,9035,2021-05-28 00:15:01.000,8.7556999,47.2463967,559.3,3,A,45,2021-05-28 00:15:47.000,3779,3703,-14,0.37,322.44,2.28,41.47,4.1,4,0.00,,,,,,,,13
0381759006,9035,2021-05-28 00:30:01.000,8.7557579,47.2464503,548.6,3,A,51,2021-05-28 00:30:53.000,3776,3703,-15,0.11,0.00,0.55,21.50,2.7,5,0.00,,,,,,,,13
1590763035,9035,2021-05-28 00:45:01.000,8.7557585,47.2464412,548.0,3,A,39,2021-05-28 00:45:41.000,3779,3703,-14,0.04,0.00,0.93,17.15,2.9,5,0.00,,,,,,,,13
4187719961,9035,2021-05-28 01:00:01.000,8.7557045,47.2464686,536.0,3,A,55,2021-05-28 01:00:57.000,3775,3696,-14,0.50,22.94,2.24,37.38,2.9,6,0.00,,,,,,,,13
3160738106,9035,2021-05-28 01:15:01.000,8.7556940,47.2464777,534.2,3,A,27,2021-05-28 01:15:29.000,3775,3696,-15,0.08,0.00,1.41,21.76,3.1,6,0.00,,,,,,,,13
1410709719,9035,2021-05-28 01:30:01.000,8.7556954,47.2463912,548.9,3,A,23,2021-05-28 01:30:25.000,3775,3696,-15,0.05,0.00,1.27,21.25,3.3,6,0.00,,,,,,,,13
3594264512,9035,2021-05-28 01:45:01.000,8.7557133,47.2464288,563.8,3,A,44,2021-05-28 01:45:46.000,3775,3693,-15,0.15,0.00,0.97,23.30,3.7,5,0.00,,,,,,,,13
1489174416,9035,2021-05-28 02:00:01.000,8.7556898,47.2463495,547.8,3,A,23,2021-05-28 02:00:25.000,3775,3693,-15,0.02,0.00,2.22,20.22,3.3,6,0.00,,,,,,,,13
2424079416,9035,2021-05-28 02:15:01.000,8.7556446,47.2464978,603.2,3,A,38,2021-05-28 02:15:40.000,3775,3690,-15,0.33,0.00,2.88,20.22,15.6,5,0.00,,,,,,,,13
3935873587,9035,2021-05-28 02:30:01.000,8.7558343,47.2463248,530.1,3,A,36,2021-05-28 02:30:38.000,3775,3685,-15,0.05,0.00,2.96,25.34,7.4,5,0.00,,,,,,,,13
2215508099,9035,2021-05-28 02:45:01.000,8.7557385,47.2464085,558.6,3,A,30,2021-05-28 02:45:32.000,3775,3696,-15,0.03,0.00,1.70,26.37,5.2,5,0.00,,,,,,,,13
0584946429,9035,2021-05-28 03:00:01.000,8.7556755,47.2465316,556.2,3,A,40,2021-05-28 03:00:42.000,3773,3685,-15,0.40,0.00,2.85,39.94,9.5,4,0.00,,,,,,,,13
0301004491,9035,2021-05-28 03:15:01.000,8.7557996,47.2463296,566.2,3,A,45,2021-05-28 03:15:47.000,3773,3693,-15,0.22,0.00,1.46,39.42,4.5,6,0.00,,,,,,,,13
2428259884,9035,2021-05-28 03:30:01.000,8.7557076,47.2464622,546.0,3,A,36,2021-05-28 03:30:37.000,3771,3680,-15,0.13,0.00,0.92,32.51,3.4,6,0.00,,,,,,,,13
1639523500,9035,2021-05-28 03:45:00.000,8.7556579,47.2465037,549.4,3,A,42,2021-05-28 03:45:43.000,3771,3685,-15,0.17,193.99,1.42,35.58,3.6,6,0.00,,,,,,,,13
1199852182,9035,2021-05-28 04:00:02.000,8.7557234,47.2463711,557.6,3,A,25,2021-05-28 04:00:28.000,3771,3690,-15,0.13,188.74,2.62,48.38,3.0,6,0.00,,,,,,,,13
1892577537,9035,2021-05-28 04:15:01.000,8.7556916,47.2464109,555.7,3,A,51,2021-05-28 04:15:53.000,3770,3685,-15,0.24,0.00,2.17,36.61,5.8,4,0.00,,,,,,,,13
0548594632,9035,2021-05-28 04:30:01.000,8.7556906,47.2464079,562.3,3,A,23,2021-05-28 04:30:25.000,3770,3685,-14,0.10,0.00,0.56,20.22,3.3,5,0.00,,,,,,,,13
1830124995,9035,2021-05-28 04:45:01.000,8.7557109,47.2464857,542.8,3,A,13,2021-05-28 04:45:15.000,3770,3691,-13,0.10,3.93,1.61,25.60,3.7,5,0.00,,,,,,,,13
2071618002,9035,2021-05-28 05:00:01.000,8.7557026,47.2463945,561.7,3,A,26,2021-05-28 05:00:28.000,3770,3691,-13,0.23,200.54,1.74,26.62,7.3,4,0.00,,,,,,,,13
1332894757,9035,2021-05-28 05:15:01.000,8.7556992,47.2464318,556.7,3,A,52,2021-05-28 05:15:54.000,3770,3680,-13,0.19,0.00,2.16,41.73,8.3,4,0.00,,,,,,,,13
0859456682,9035,2021-05-28 05:30:01.000,8.7556953,47.2464801,540.8,3,A,35,2021-05-28 05:30:37.000,3770,3680,-12,0.43,0.00,2.02,44.54,8.4,4,0.00,,,,,,,,13
2834672521,9035,2021-05-28 05:45:01.000,8.7555450,47.2465754,532.7,3,A,24,2021-05-28 05:45:26.000,3770,3685,-12,0.12,0.00,1.33,43.01,7.6,4,0.00,,,,,,,,13
0978416865,9035,2021-05-28 06:00:01.000,8.7557283,47.2465290,543.1,3,A,46,2021-05-28 06:00:48.000,3771,3698,-11,0.21,0.00,2.60,57.09,11.8,4,0.00,,,,,,,,13
1384269477,9035,2021-05-28 06:15:01.000,8.7558067,47.2465191,541.3,3,A,49,2021-05-28 06:15:51.000,3779,3708,-8,0.14,202.51,0.83,27.39,3.0,5,0.00,,,,,,,,13
1529666192,9035,2021-05-28 06:30:01.000,8.7555332,47.2463260,567.5,3,A,50,2021-05-28 06:30:52.000,3779,3713,-5,0.50,216.27,2.38,42.50,3.6,5,0.00,,,,,,,,13
3316079438,9035,2021-05-28 06:45:01.000,8.7556887,47.2463915,560.7,3,A,68,2021-05-28 06:46:10.000,3779,3719,-3,0.37,205.78,3.17,52.48,5.1,5,0.00,,,,,,,,13
2444895747,9035,2021-05-28 07:00:01.000,8.7553169,47.2457348,700.7,3,A,65,2021-05-28 07:01:07.000,3779,3723,-2,1.22,188.74,5.02,50.18,6.7,5,0.00,,,,,,,,13
1265934541,9035,2021-05-28 07:15:01.000,8.7556926,47.2463409,574.4,3,A,69,2021-05-28 07:16:11.000,3780,3723,0,0.30,0.00,3.62,40.19,7.5,5,0.00,,,,,,,,13
1230531060,9035,2021-05-28 07:30:01.000,8.7557154,47.2464887,541.2,3,A,44,2021-05-28 07:30:46.000,3789,3743,2,0.27,165.15,2.69,37.12,7.7,4,0.00,,,,,,,,13
2443887597,9035,2021-05-28 07:45:01.000,8.7556995,47.2464008,559.2,3,A,25,2021-05-28 07:45:27.000,3793,3752,7,0.15,351.93,1.32,19.71,5.0,5,0.00,,,,,,,,13
3867752648,9035,2021-05-28 08:00:01.000,8.7557038,47.2464290,547.6,3,A,31,2021-05-28 08:00:33.000,3811,3770,11,0.12,0.00,1.09,27.90,4.3,4,0.00,,,,,,,,13
1187492587,9035,2021-05-28 08:15:01.000,8.7556761,47.2465206,553.0,3,A,27,2021-05-28 08:15:29.000,3818,3789,17,1.50,0.00,2.68,35.07,4.3,4,0.00,,,,,,,,13
3531620613,9035,2021-05-28 08:30:01.000,8.7558539,47.2463276,539.8,3,A,22,2021-05-28 08:30:24.000,3826,3803,21,0.98,322.44,2.73,40.96,4.6,4,0.00,,,,,,,,13
1999305009,9035,2021-05-28 08:45:01.000,8.7556483,47.2465053,545.9,3,A,30,2021-05-28 08:45:32.000,3836,3801,22,0.40,128.45,2.32,48.13,6.4,4,0.00,,,,,,,,13
2392938116,9035,2021-05-28 09:00:01.000,8.7557208,47.2463961,549.2,3,A,69,2021-05-28 09:01:11.001,3843,3815,27,0.22,339.48,3.19,87.55,14.3,4,0.00,,,,,,,,13
2355970328,9035,2021-05-28 09:15:01.000,8.7557538,47.2465034,546.0,3,A,49,2021-05-28 09:15:51.000,3841,3808,32,0.26,5.24,1.06,33.02,3.3,5,0.00,,,,,,,,13
2185180409,9035,2021-05-28 09:30:01.000,8.7555413,47.2465515,530.6,3,A,99,2021-05-28 09:31:41.000,3858,3834,32,0.02,0.00,1.95,57.34,7.7,4,0.00,,,,,,,,13
1195814455,9035,2021-05-28 09:45:00.000,8.7557374,47.2463668,567.4,3,A,59,2021-05-28 09:46:00.000,3851,3826,36,0.04,14.42,2.37,35.07,3.5,5,0.00,,,,,,,,13
2212039507,9035,2021-05-28 10:00:00.000,8.7556643,47.2465267,526.5,3,A,94,2021-05-28 10:01:35.000,3867,3843,36,0.04,0.00,2.74,34.05,18.1,4,0.00,,,,,,,,13
2999419484,9035,2021-05-28 10:15:00.000,8.7557142,47.2464377,553.6,3,A,114,2021-05-28 10:16:55.000,3874,3858,39,0.08,0.00,2.70,26.37,12.3,4,0.00,,,,,,,,13
0834022788,9035,2021-05-28 10:30:00.000,8.7556812,47.2464174,551.6,3,A,32,2021-05-28 10:30:33.000,3896,3867,43,0.74,22.94,2.73,26.37,7.6,4,0.00,,,,,,,,13
3009275901,9035,2021-05-28 10:45:00.000,8.7557164,47.2462997,556.0,3,A,47,2021-05-28 10:45:48.000,3914,3894,46,0.04,0.00,1.10,32.51,5.1,4,0.00,,,,,,,,13
3524869390,9035,2021-05-28 11:00:00.000,8.7556754,47.2464965,549.4,3,A,29,2021-05-28 11:00:30.000,3937,3918,46,0.81,165.15,2.93,51.46,4.2,4,0.00,,,,,,,,13
3338406859,9035,2021-05-28 11:15:00.000,,,,0,B,47,2021-05-28 11:15:48.000,3964,3946,48,,,,,,,0.00,,,,,,,,13
4006080494,9035,2021-05-28 11:30:00.000,8.7557018,47.2465308,540.0,3,A,20,2021-05-28 11:30:21.000,3989,3969,48,0.56,351.93,2.49,36.86,3.9,4,0.00,,,,,,,,13
1368122394,9035,2021-05-28 11:45:00.000,8.7557434,47.2463757,567.3,3,A,19,2021-05-28 11:45:20.000,4010,3994,49,0.04,0.00,0.66,32.51,3.8,4,0.00,,,,,,,,13
1938662542,9035,2021-05-28 12:00:00.000,8.7557782,47.2466071,520.2,3,A,41,2021-05-28 12:00:42.000,4012,4005,51,0.20,182.85,2.94,43.52,3.6,4,0.00,,,,,,,,13
1973538228,9035,2021-05-28 12:15:00.000,8.7556591,47.2464176,561.8,3,A,46,2021-05-28 12:15:47.000,4014,4003,53,0.37,0.00,2.71,46.08,3.4,4,0.00,,,,,,,,13
0940199045,9035,2021-05-28 12:30:00.000,8.7556428,47.2463883,583.1,3,A,63,2021-05-28 12:31:04.000,4014,4007,52,0.63,0.00,1.67,48.90,3.3,4,0.00,,,,,,,,13
1783195898,9035,2021-05-28 12:45:00.000,8.7557557,47.2464182,558.4,3,A,36,2021-05-28 12:45:37.000,4012,4007,46,0.08,0.00,0.94,13.31,7.5,5,0.00,,,,,,,,13
3499707814,9035,2021-05-28 13:00:00.000,8.7557036,47.2464669,546.1,3,A,7,2021-05-28 13:00:08.000,4012,4003,48,0.04,0.00,1.51,13.82,8.9,5,0.00,,,,,,,,13
4102525498,9035,2021-05-28 13:15:00.000,8.7557367,47.2464508,549.9,3,A,7,2021-05-28 13:15:08.000,4012,4007,47,0.00,0.00,1.37,18.94,7.0,5,0.00,,,,,,,,13
1624039675,9035,2021-05-28 13:30:00.000,8.7557040,47.2464482,554.9,3,A,8,2021-05-28 13:30:09.000,4014,4002,46,0.04,0.00,0.64,13.31,5.0,5,0.00,,,,,,,,13
4294776038,9035,2021-05-28 13:45:00.000,8.7557571,47.2464099,554.3,3,A,5,2021-05-28 13:45:07.000,4012,4007,43,0.07,0.00,0.72,12.54,4.5,5,0.00,,,,,,,,13
1424182493,9035,2021-05-28 14:00:01.000,8.7557126,47.2464161,546.9,3,A,6,2021-05-28 14:00:08.000,4010,4003,41,0.08,0.00,0.73,19.20,5.0,5,0.00,,,,,,,,13
3060823358,9035,2021-05-28 14:15:00.000,8.7557140,47.2464302,546.4,3,A,5,2021-05-28 14:15:06.000,4010,4000,37,0.18,0.00,1.11,32.26,5.8,5,0.00,,,,,,,,13
4110426387,9035,2021-05-28 14:30:01.000,8.7553495,47.2465478,529.9,3,A,10,2021-05-28 14:30:12.000,4010,3991,26,0.65,122.55,1.50,28.42,6.1,5,0.00,,,,,,,,13
3802012185,9035,2021-05-28 14:45:01.000,8.7553449,47.2465772,535.7,3,A,9,2021-05-28 14:45:11.000,4007,3984,23,1.76,121.90,2.16,51.97,7.7,4,0.00,,,,,,,,13
1824860181,9035,2021-05-28 15:00:01.000,8.7557274,47.2464525,550.4,3,A,21,2021-05-28 15:00:23.000,4007,3989,18,0.00,0.00,0.55,7.42,2.4,5,0.00,,,,,,,,13
3271804150,9035,2021-05-28 15:15:01.000,8.7557304,47.2464416,553.8,3,A,8,2021-05-28 15:15:10.000,4002,3981,10,0.01,0.00,0.69,6.66,2.2,5,0.00,,,,,,,,13
3565238535,9035,2021-05-28 15:30:01.000,8.7557073,47.2464531,553.0,3,A,11,2021-05-28 15:30:13.000,4002,3979,5,0.06,109.45,0.51,17.66,2.1,5,0.00,,,,,,,,13
2755476763,9035,2021-05-28 15:45:01.000,8.7556419,47.2464555,540.9,3,A,21,2021-05-28 15:45:23.000,4000,3975,3,0.05,0.00,1.17,13.31,5.5,5,0.00,,,,,,,,13
1857510677,9035,2021-05-28 16:00:01.000,8.7556768,47.2464691,546.7,3,A,14,2021-05-28 16:00:16.000,4002,3972,3,0.31,0.00,1.46,12.80,7.8,5,0.00,,,,,,,,13
3934333817,9035,2021-05-28 16:15:01.000,8.7558048,47.2464473,568.6,3,A,8,2021-05-28 16:15:10.000,4000,3974,1,0.23,0.00,1.43,9.98,7.9,4,0.00,,,,,,,,13
0437784269,9035,2021-05-28 16:30:01.000,8.7557369,47.2464888,557.1,3,A,7,2021-05-28 16:30:09.000,4000,3974,0,0.35,0.00,1.48,10.50,8.1,4,0.00,,,,,,,,13
1121742766,9035,2021-05-28 16:45:01.000,8.7557329,47.2464463,558.9,3,A,8,2021-05-28 16:45:09.000,3997,3969,-1,0.53,119.93,1.62,19.20,9.1,4,0.00,,,,,,,,13
0169262459,9035,2021-05-28 17:00:00.000,8.7557500,47.2464263,564.1,3,A,9,2021-05-28 17:00:10.000,3999,3970,-2,0.60,118.62,2.10,23.55,12.4,4,0.00,,,,,,,,13
0380132639,9035,2021-05-28 17:15:01.000,8.7557427,47.2464795,553.9,3,A,18,2021-05-28 17:15:20.000,3996,3966,-4,0.01,116.65,0.69,6.14,3.2,6,0.00,,,,,,,,13
4201546774,9035,2021-05-28 17:30:01.000,8.7557498,47.2463935,564.8,3,A,8,2021-05-28 17:30:09.000,3994,3964,-4,0.08,0.00,0.77,6.40,3.4,5,0.00,,,,,,,,13
2774992152,9035,2021-05-28 17:45:01.000,8.7557603,47.2464032,555.3,3,A,7,2021-05-28 17:45:09.000,3994,3962,-6,0.16,0.00,0.71,8.45,3.0,5,0.00,,,,,,,,13
1236772828,9035,2021-05-28 18:00:01.000,8.7557207,47.2464359,557.7,3,A,9,2021-05-28 18:00:11.000,3994,3955,-7,0.03,0.00,0.56,8.45,2.7,5,0.00,,,,,,,,13
0313620652,9035,2021-05-28 18:15:01.000,8.7557642,47.2464113,557.3,3,A,23,2021-05-28 18:15:25.000,3991,3946,-7,0.03,190.71,1.27,19.71,2.5,5,0.00,,,,,,,,13
2576998596,9035,2021-05-28 18:30:01.000,8.7557910,47.2465722,517.1,3,A,8,2021-05-28 18:30:10.000,3989,3952,-8,0.23,0.00,1.34,19.97,5.3,5,0.00,,,,,,,,13
1488705803,9035,2021-05-28 18:45:01.000,8.7556959,47.2464874,525.5,3,A,7,2021-05-28 18:45:09.000,3989,3950,-8,0.49,0.00,2.06,15.10,16.2,4,0.00,,,,,,,,13
2920635845,9035,2021-05-28 19:00:01.000,8.7556524,47.2464524,535.4,3,A,7,2021-05-28 19:00:09.000,3985,3950,-9,0.38,0.00,1.86,11.26,12.0,4,0.00,,,,,,,,13
3705419425,9035,2021-05-28 19:15:01.000,8.7556119,47.2464328,546.0,3,A,7,2021-05-28 19:15:09.000,3989,3950,-9,0.43,0.00,1.76,10.75,10.7,4,0.00,,,,,,,,13
3108571310,9035,2021-05-28 19:30:01.000,8.7555601,47.2464778,528.3,3,A,9,2021-05-28 19:30:11.000,3989,3950,-10,0.13,0.00,1.69,11.78,10.5,4,0.00,,,,,,,,13
0883631617,9035,2021-05-28 19:45:01.000,8.7552814,47.2466078,497.0,3,A,7,2021-05-28 19:45:09.000,3985,3950,-10,0.45,117.96,1.98,26.11,10.7,4,0.00,,,,,,,,13
2421113327,9035,2021-05-28 20:00:01.000,8.7555128,47.2464879,539.1,3,A,8,2021-05-28 20:00:10.000,3985,3950,-11,0.27,0.00,2.02,33.79,10.7,4,0.00,,,,,,,,13
0444484204,9035,2021-05-28 20:15:01.000,8.7556488,47.2464549,546.8,3,A,9,2021-05-28 20:15:11.000,3989,3946,-10,0.32,0.00,1.99,34.82,10.0,4,0.00,,,,,,,,13
3188065711,9035,2021-05-28 20:30:01.000,8.7556971,47.2465335,543.8,3,A,21,2021-05-28 20:30:23.000,3984,3946,-10,0.03,0.00,0.38,4.35,3.6,5,0.00,,,,,,,,13
3396904047,9035,2021-05-28 20:45:01.000,8.7556806,47.2465094,549.3,3,A,7,2021-05-28 20:45:09.000,3984,3946,-11,0.21,0.00,0.83,11.26,3.8,5,0.00,,,,,,,,13
4033433317,9035,2021-05-28 21:00:01.000,8.7556759,47.2465386,546.0,3,A,5,2021-05-28 21:00:07.000,3984,3950,-11,0.29,174.33,0.84,9.47,4.2,5,0.00,,,,,,,,13
1248980911,9035,2021-05-28 21:15:01.000,8.7556689,47.2465256,539.3,3,A,9,2021-05-28 21:15:11.000,3984,3942,-10,0.56,154.01,1.27,17.41,5.5,4,0.00,,,,,,,,13
4076039018,9035,2021-05-28 21:30:01.000,8.7556590,47.2465959,543.3,3,A,8,2021-05-28 21:30:10.000,3984,3936,-10,0.28,158.60,1.20,15.36,4.9,4,0.00,,,,,,,,13
4027818847,9035,2021-05-28 21:45:01.000,8.7556625,47.2464918,543.0,3,A,12,2021-05-28 21:45:14.000,3984,3941,-8,0.31,0.00,1.70,28.93,4.5,4,0.00,,,,,,,,13
0907644299,9035,2021-05-28 22:00:01.000,8.7557596,47.2464002,562.8,3,A,21,2021-05-28 22:00:23.000,3989,3950,-8,0.01,0.00,0.56,4.61,3.2,6,0.00,,,,,,,,13
0442132101,9035,2021-05-28 22:15:01.000,8.7557747,47.2464081,558.5,3,A,6,2021-05-28 22:15:08.000,3984,3950,-8,0.08,0.00,0.70,5.12,3.5,5,0.00,,,,,,,,13
0026658993,9035,2021-05-28 22:30:01.000,8.7557789,47.2464034,550.8,3,A,6,2021-05-28 22:30:07.000,3984,3950,-8,0.13,146.80,0.71,5.89,3.7,5,0.00,,,,,,,,13
1112223628,9035,2021-05-28 22:45:01.000,8.7557790,47.2464027,564.6,3,A,6,2021-05-28 22:45:08.000,3984,3950,-8,0.19,0.00,0.75,6.91,4.0,5,0.00,,,,,,,,13
3112152129,9035,2021-05-28 23:00:01.000,8.7556182,47.2464839,567.5,3,A,4,2021-05-28 23:00:06.000,3984,3950,-8,0.28,0.00,1.20,15.10,5.2,5,0.00,,,,,,,,13
3447517684,9035,2021-05-28 23:15:01.000,8.7554881,47.2465990,561.3,3,A,6,2021-05-28 23:15:08.000,3984,3950,-8,0.84,139.59,2.16,26.62,8.3,5,0.00,,,,,,,,13
3023608167,9035,2021-05-28 23:30:01.000,8.7554811,47.2466695,547.7,3,A,6,2021-05-28 23:30:07.000,3984,3950,-8,2.05,138.94,2.63,34.56,13.2,5,0.00,,,,,,,,13
0225454358,9035,2021-05-28 23:45:01.000,8.7554660,47.2467034,542.8,3,A,6,2021-05-28 23:45:07.000,3984,3950,-8,1.56,142.21,2.36,27.65,11.0,4,0.00,,,,,,,,13
1613089185,9035,2021-05-29 00:00:01.000,8.7554814,47.2466561,538.0,3,A,7,2021-05-29 00:00:09.000,3984,3950,-8,0.78,141.56,1.84,23.04,8.1,4,0.00,,,,,,,,13
2835230785,9035,2021-05-29 00:15:01.000,8.7557117,47.2464424,552.5,3,A,42,2021-05-29 00:15:44.000,3984,3941,-8,0.01,126.48,0.32,12.54,2.3,6,0.00,,,,,,,,13
3190242668,9035,2021-05-29 00:30:01.000,8.7557843,47.2464400,556.9,3,A,14,2021-05-29 00:30:16.000,3984,3942,-9,0.02,0.00,0.69,8.96,3.1,5,0.00,,,,,,,,13
3244820511,9035,2021-05-29 00:45:01.000,8.7556822,47.2464595,545.3,3,A,9,2021-05-29 00:45:11.000,3981,3944,-9,0.20,0.00,0.88,10.75,3.3,5,0.00,,,,,,,,13
0595319925,9035,2021-05-29 01:00:01.000,8.7556988,47.2464413,552.3,3,A,7,2021-05-29 01:00:09.000,3980,3946,-9,0.14,0.00,0.94,10.24,2.6,6,0.00,,,,,,,,13
0022700408,9035,2021-05-29 01:15:01.000,8.7557065,47.2464234,547.3,3,A,7,2021-05-29 01:15:09.000,3980,3950,-9,0.16,0.00,0.94,6.91,4.0,5,0.00,,,,,,,,13
2847756712,9035,2021-05-29 01:30:01.000,8.7557186,47.2464577,551.1,3,A,6,2021-05-29 01:30:08.000,3979,3946,-9,0.17,0.00,0.99,7.94,4.2,5,0.00,,,,,,,,13
0754860687,9035,2021-05-29 01:45:01.000,8.7557212,47.2464082,541.6,3,A,7,2021-05-29 01:45:09.000,3979,3944,-9,0.10,0.00,0.90,9.98,3.7,5,0.00,,,,,,,,13
1580161467,9035,2021-05-29 02:00:01.000,8.7557199,47.2463987,559.8,3,A,5,2021-05-29 02:00:07.000,3979,3946,-9,0.08,0.00,0.69,5.63,3.2,5,0.00,,,,,,,,13
0932361556,9035,2021-05-29 02:15:01.000,8.7557251,47.2464212,560.5,3,A,7,2021-05-29 02:15:09.000,3980,3950,-9,0.15,0.00,0.70,5.89,3.2,5,0.00,,,,,,,,13
0642567505,9035,2021-05-29 02:30:01.000,8.7557187,47.2464157,552.9,3,A,5,2021-05-29 02:30:07.000,3979,3944,-9,0.55,146.80,1.26,9.98,5.9,4,0.00,,,,,,,,13
1835641537,9035,2021-05-29 02:45:01.000,8.7557732,47.2463761,552.8,3,A,5,2021-05-29 02:45:07.000,3979,3946,-9,1.64,141.56,2.33,25.34,10.6,4,0.00,,,,,,,,13
2559360219,9035,2021-05-29 03:00:01.000,8.7557033,47.2464455,550.9,3,A,18,2021-05-29 03:00:20.000,3979,3944,-9,0.12,138.94,1.12,12.03,4.8,6,0.00,,,,,,,,13
1231054068,9035,2021-05-29 03:15:01.000,8.7556336,47.2464718,555.4,3,A,6,2021-05-29 03:15:08.000,3979,3944,-9,0.23,0.00,0.97,14.59,4.4,6,0.00,,,,,,,,13
0753134296,9035,2021-05-29 03:30:01.000,8.7556314,47.2464711,558.3,3,A,6,2021-05-29 03:30:08.000,3979,3944,-9,0.15,304.09,0.75,20.22,5.5,5,0.00,,,,,,,,13
1805306850,9035,2021-05-29 03:45:01.000,8.7552972,47.2466129,574.9,3,A,8,2021-05-29 03:45:10.000,3979,3933,-10,0.07,0.00,0.66,23.30,2.9,5,0.00,,,,,,,,13
0929390529,9035,2021-05-29 04:00:01.000,8.7556577,47.2464656,548.4,3,A,8,2021-05-29 04:00:10.000,3979,3934,-9,0.03,0.00,1.38,34.82,7.8,4,0.00,,,,,,,,13
2383863303,9035,2021-05-29 04:15:01.000,8.7557033,47.2464201,545.8,3,A,21,2021-05-29 04:15:23.000,3979,3941,-9,0.06,0.00,1.43,7.42,5.8,5,0.00,,,,,,,,13
1133531107,9035,2021-05-29 04:30:01.000,8.7557593,47.2463819,526.3,3,A,7,2021-05-29 04:30:08.999,3979,3944,-8,0.09,0.00,1.59,11.78,5.4,5,0.00,,,,,,,,13
0650326368,9035,2021-05-29 04:45:01.000,8.7557084,47.2464029,557.2,3,A,21,2021-05-29 04:45:23.000,3979,3944,-7,0.03,0.00,0.70,3.58,2.6,8,0.00,,,,,,,,13
3650136795,9035,2021-05-29 05:00:01.000,8.7557137,47.2464207,552.5,3,A,6,2021-05-29 05:00:08.000,3981,3950,-6,0.12,0.00,0.61,5.63,2.4,8,0.00,,,,,,,,13
3598952739,9035,2021-05-29 05:15:01.000,8.7556953,47.2464478,544.0,3,A,6,2021-05-29 05:15:08.000,3984,3950,-5,0.21,92.41,0.82,7.17,3.0,7,0.00,,,,,,,,13
1505179116,9035,2021-05-29 05:30:01.000,8.7556691,47.2464684,540.2,3,A,7,2021-05-29 05:30:09.000,3989,3956,-4,0.16,0.00,0.74,7.17,2.9,7,0.00,,,,,,,,13
1338543772,9035,2021-05-29 05:45:01.000,8.7555782,47.2465402,533.7,3,A,14,2021-05-29 05:45:15.000,3991,3955,-2,0.18,0.00,0.93,6.91,3.1,6,0.00,,,,,,,,13
0953679833,9035,2021-05-29 06:00:01.000,8.7556208,47.2464837,544.6,3,A,7,2021-05-29 06:00:09.000,3992,3959,-2,0.27,0.00,0.79,6.66,3.9,4,0.00,,,,,,,,13
1637450006,9035,2021-05-29 06:15:01.000,8.7556441,47.2464543,551.4,3,A,8,2021-05-29 06:15:10.000,3997,3966,-1,0.16,0.00,0.69,8.45,3.3,4,0.00,,,,,,,,13
3788281043,9035,2021-05-29 06:30:01.000,8.7556369,47.2464620,552.0,3,A,21,2021-05-29 06:30:23.000,3999,3969,0,0.03,0.00,0.64,12.03,3.0,4,0.00,,,,,,,,13
1530201368,9035,2021-05-29 06:45:01.000,8.7557970,47.2465901,531.9,3,A,21,2021-05-29 06:45:23.000,4000,3974,1,0.09,0.00,1.72,23.55,2.1,5,0.00,,,,,,,,13
2092956155,9035,2021-05-29 07:00:01.000,8.7557435,47.2464694,557.2,3,A,18,2021-05-29 07:00:20.000,4005,3984,5,0.02,198.57,0.64,7.42,2.6,6,0.00,,,,,,,,13
0405202283,9035,2021-05-29 07:15:00.000,8.7557352,47.2464392,547.1,3,A,8,2021-05-29 07:15:09.000,4007,3989,6,0.25,0.00,0.72,5.63,2.9,6,0.00,,,,,,,,13
1177942562,9035,2021-05-29 07:30:01.000,8.7557472,47.2464323,556.4,3,A,7,2021-05-29 07:30:09.000,4007,3989,9,0.12,0.00,0.79,7.68,3.1,6,0.00,,,,,,,,13
2972782636,9035,2021-05-29 07:45:01.000,8.7557345,47.2464668,548.0,3,A,6,2021-05-29 07:45:08.000,4010,3995,16,0.14,140.25,0.93,13.06,3.1,6,0.00,,,,,,,,13
3635009690,9035,2021-05-29 08:00:01.000,8.7557446,47.2464185,542.4,3,A,7,2021-05-29 08:00:09.000,4007,3989,12,0.48,138.28,1.53,12.54,2.8,6,0.00,,,,,,,,13
0551561509,9035,2021-05-29 08:15:01.000,8.7557955,47.2463834,554.2,3,A,7,2021-05-29 08:15:09.000,4008,4000,25,0.10,0.00,1.52,12.80,8.6,5,0.00,,,,,,,,13
1018185230,9035,2021-05-29 08:30:01.000,8.7556404,47.2464438,547.9,3,A,8,2021-05-29 08:30:10.000,4007,3991,16,0.13,95.68,1.26,13.82,5.8,5,0.00,,,,,,,,13
3248692688,9035,2021-05-29 08:45:01.000,8.7559364,47.2460780,553.3,3,A,11,2021-05-29 08:45:13.000,4008,3999,12,0.04,117.31,2.18,37.63,6.1,4,0.00,,,,,,,,13
3106218249,9035,2021-05-29 09:00:01.000,8.7556617,47.2461024,529.0,3,A,25,2021-05-29 09:00:27.000,4007,3995,14,0.12,157.29,2.54,49.66,6.1,4,0.00,,,,,,,,13
2572381554,9035,2021-05-29 09:15:01.000,8.7556050,47.2461568,526.1,3,A,14,2021-05-29 09:15:15.000,4007,3989,12,0.50,173.02,1.83,32.26,6.5,4,0.00,,,,,,,,13
4147749982,9035,2021-05-29 09:30:01.000,8.7558245,47.2464678,551.0,3,A,21,2021-05-29 09:30:23.000,4008,3997,14,0.15,218.89,2.12,29.70,10.0,5,0.00,,,,,,,,13
0065292467,9035,2021-05-29 09:45:01.000,8.7557839,47.2462665,549.1,3,A,8,2021-05-29 09:45:10.000,4012,4002,18,0.18,0.00,0.59,12.54,4.3,5,0.00,,,,,,,,13
2184064445,9035,2021-05-29 10:00:01.000,8.7558132,47.2463463,545.8,3,A,6,2021-05-29 10:00:08.000,4008,4000,20,0.02,0.00,0.59,7.94,3.1,5,0.00,,,,,,,,13
3559719469,9035,2021-05-29 10:15:01.000,8.7557661,47.2463052,551.1,3,A,10,2021-05-29 10:15:11.000,4007,3991,13,0.04,0.00,1.05,7.42,4.7,4,0.00,,,,,,,,13
0567111656,9035,2021-05-29 10:30:01.000,8.7557716,47.2462944,545.1,3,A,16,2021-05-29 10:30:18.000,4007,3991,15,0.04,0.00,1.19,5.63,6.0,4,0.00,,,,,,,,13
2897331815,9035,2021-05-29 10:45:01.000,8.7557672,47.2462955,551.7,3,A,10,2021-05-29 10:45:12.000,4010,3994,17,0.05,0.00,0.89,4.86,4.1,5,0.00,,,,,,,,13
4043492708,9035,2021-05-29 11:00:01.000,8.7557692,47.2462664,559.1,3,A,8,2021-05-29 11:00:10.000,4010,4002,22,0.08,0.00,0.79,6.40,3.6,5,0.00,,,,,,,,13
2286651652,9035,2021-05-29 11:15:01.000,8.7558010,47.2462665,557.1,3,A,12,2021-05-29 11:15:13.000,4012,4005,30,0.30,0.00,0.84,9.47,3.6,5,0.00,,,,,,,,13
3386273184,9035,2021-05-29 11:30:01.000,8.7558329,47.2462450,550.6,3,A,9,2021-05-29 11:30:11.000,4010,3994,28,0.34,338.17,0.91,8.96,4.0,5,0.00,,,,,,,,13
1175896423,9035,2021-05-29 11:44:59.000,8.7558184,47.2462662,554.3,3,A,8,2021-05-29 11:45:09.000,4012,4007,35,0.07,0.00,1.15,32.51,7.3,4,0.00,,,,,,,,13
1342573385,9035,2021-05-29 12:00:02.000,8.7557291,47.2462707,551.0,3,A,38,2021-05-29 12:00:41.000,4010,3999,22,0.08,0.00,0.86,6.66,4.3,5,0.00,,,,,,,,13
3509049268,9035,2021-05-29 12:15:01.000,8.7557473,47.2463168,554.3,3,A,8,2021-05-29 12:15:10.000,4008,3994,17,0.11,0.00,0.99,8.19,3.4,5,0.00,,,,,,,,13
3970443611,9035,2021-05-29 12:30:01.000,8.7558244,47.2462899,540.7,3,A,9,2021-05-29 12:30:11.000,4007,3999,20,0.10,0.00,1.31,10.50,7.1,4,0.00,,,,,,,,13
1484960028,9035,2021-05-29 12:45:01.000,8.7557701,47.2463026,551.8,3,A,8,2021-05-29 12:45:10.000,4008,3994,19,0.03,0.00,1.31,9.47,7.3,4,0.00,,,,,,,,13
3181548773,9035,2021-05-29 13:00:01.000,8.7556198,47.2462615,549.8,3,A,9,2021-05-29 13:00:11.000,4014,4003,22,0.23,247.07,1.26,18.69,7.6,4,0.00,,,,,,,,13
1788674951,9035,2021-05-29 13:15:01.000,8.7556935,47.2462863,549.4,3,A,16,2021-05-29 13:15:18.000,4010,4002,20,0.12,249.04,1.30,26.11,8.3,4,0.00,,,,,,,,13
3871785359,9035,2021-05-29 13:29:59.000,8.7557911,47.2463131,544.8,3,A,6,2021-05-29 13:30:07.000,4014,4007,35,0.02,0.00,1.49,12.03,4.2,6,0.00,,,,,,,,13
4101769235,9035,2021-05-29 13:45:02.000,8.7560273,47.2463373,611.5,3,A,8,2021-05-29 13:45:11.000,4010,3997,25,0.19,0.00,1.13,7.68,3.4,6,0.00,,,,,,,,13
0442044657,9035,2021-05-29 13:59:59.000,8.7559377,47.2464292,542.6,3,A,8,2021-05-29 14:00:09.000,4014,4007,40,0.03,0.00,1.42,21.76,4.5,5,0.00,,,,,,,,13
1995757894,9035,2021-05-29 14:15:01.000,8.7560300,47.2462474,618.8,3,A,8,2021-05-29 14:15:10.000,4017,4007,39,0.03,0.00,0.81,16.64,4.3,5,0.00,,,,,,,,13
2532507264,9035,2021-05-29 14:30:01.000,8.7566822,47.2843545,592.8,3,A,12,2021-05-29 14:30:13.000,4012,3997,23,18.49,295.57,1.04,17.15,5.3,6,0.00,,,,,,,,13
1295485858,9035,2021-05-29 14:45:01.000,8.5831173,47.3510619,601.3,3,A,16,2021-05-29 14:45:18.000,4010,3994,29,7.46,289.01,4.37,62.46,9.7,4,0.00,,,,,,,,13
0553639940,9035,2021-05-29 15:00:01.000,8.5416201,47.3967391,581.8,3,A,22,2021-05-29 15:00:24.000,4010,3989,28,0.33,0.00,2.28,22.02,2.8,5,0.00,,,,,,,,13
