key-bin-checksum,tag-serial-number,start-timestamp,longitude,latitude,height-above-ellipsoid,type-of-fix,status,used-time-to-get-fix,timestamp-of-fix,battery-voltage,fix-battery-voltage,temperature,speed-over-ground,heading-degree,speed-accuracy-estimate,horizontal-accuracy-estimate,dop,satellite-count,barometric-pressure,quat-w-raw,quat-x-raw,quat-y-raw,quat-z-raw,magnetic-field-x-raw,magnetic-field-y-raw,magnetic-field-z-raw,data-decoding-software
1262459464,9221,2021-05-10 06:00:02.000,8.9543256,47.4939615,543.9,3,A,74,2021-05-10 06:01:17.000,3822,3795,10,0.58,0.00,0.70,40.45,16.9,4,0.00,,,,,,,,13
1093770162,9221,2021-05-23 08:46:01.000,,,,0,D,151,,3927,3874,-3,,,,,,,0.00,,,,,,,,13
4161658552,9221,2021-05-23 09:00:01.000,,,,0,D,150,,3917,3869,-1,,,,,,,0.00,,,,,,,,13
0723738180,9221,2021-05-23 09:15:01.000,,,,0,D,150,,3908,3859,1,,,,,,,0.00,,,,,,,,13
1783161728,9221,2021-05-23 09:30:01.000,,,,0,D,150,,3903,3856,2,,,,,,,0.00,,,,,,,,13
2441960833,9221,2021-05-23 09:45:01.000,,,,0,D,150,,3894,3853,3,,,,,,,0.00,,,,,,,,13
3572294878,9221,2021-05-23 10:00:01.000,,,,0,D,151,,3889,3846,4,,,,,,,0.00,,,,,,,,13
0029319485,9221,2021-05-23 10:15:00.000,,,,0,D,150,,3881,3841,5,,,,,,,0.00,,,,,,,,13
1124919182,9221,2021-05-23 10:30:00.000,,,,0,D,150,,3876,3841,5,,,,,,,0.00,,,,,,,,13
1985177403,9221,2021-05-23 10:45:00.000,,,,0,D,150,,3870,3836,6,,,,,,,0.00,,,,,,,,13
3117084328,9221,2021-05-23 11:00:00.000,,,,0,D,150,,3867,3829,7,,,,,,,0.00,,,,,,,,13
4141314777,9221,2021-05-23 11:15:00.000,,,,0,D,151,,3862,3826,7,,,,,,,0.00,,,,,,,,13
0818279914,9221,2021-05-23 11:30:01.000,,,,0,D,150,,3859,3824,8,,,,,,,0.00,,,,,,,,13
1987214982,9221,2021-05-23 11:45:01.000,,,,0,D,150,,3856,3822,8,,,,,,,0.00,,,,,,,,13
3141469741,9221,2021-05-23 12:00:01.000,,,,0,D,150,,3856,3822,8,,,,,,,0.00,,,,,,,,13
4147284556,9221,2021-05-23 12:15:01.000,,,,0,D,150,,3851,3822,8,,,,,,,0.00,,,,,,,,13
0951193791,9221,2021-05-23 12:30:01.000,,,,0,D,151,,3851,3813,8,,,,,,,0.00,,,,,,,,13
2120587614,9221,2021-05-23 12:45:00.000,,,,0,D,150,,3848,3822,8,,,,,,,0.00,,,,,,,,13
3219791829,9221,2021-05-23 13:00:00.000,,,,0,D,150,,3846,3817,8,,,,,,,0.00,,,,,,,,13
4137394376,9221,2021-05-23 13:15:00.000,,,,0,D,150,,3841,3812,8,,,,,,,0.00,,,,,,,,13
0941303611,9221,2021-05-23 13:30:00.000,,,,0,D,150,,3841,3812,8,,,,,,,0.00,,,,,,,,13
1838983182,9221,2021-05-23 13:45:00.000,,,,0,D,151,,3836,3802,8,,,,,,,0.00,,,,,,,,13
3010801853,9221,2021-05-23 14:00:01.000,,,,0,D,150,,3834,3807,8,,,,,,,0.00,,,,,,,,13
4036539644,9221,2021-05-23 14:15:01.000,,,,0,D,150,,3831,3802,8,,,,,,,0.00,,,,,,,,13
0804928091,9221,2021-05-23 14:30:01.000,,,,0,D,150,,3831,3798,8,,,,,,,0.00,,,,,,,,13
2010629142,9221,2021-05-23 14:45:01.000,,,,0,D,150,,3826,3802,8,,,,,,,0.00,,,,,,,,13
3037218901,9221,2021-05-23 15:00:01.000,,,,0,D,151,,3829,3796,8,,,,,,,0.00,,,,,,,,13
4171091936,9221,2021-05-23 15:15:00.000,,,,0,D,150,,3826,3793,9,,,,,,,0.00,,,,,,,,13
0832328189,9221,2021-05-23 15:30:00.000,,,,0,D,150,,3824,3795,8,,,,,,,0.00,,,,,,,,13
1946671468,9221,2021-05-23 15:45:00.000,,,,0,D,150,,3822,3789,8,,,,,,,0.00,,,,,,,,13
3171967813,9221,2021-05-23 16:00:00.000,,,,0,D,150,,3822,3789,8,,,,,,,0.00,,,,,,,,13
0082767094,9221,2021-05-23 16:15:00.000,,,,0,D,151,,3822,3789,8,,,,,,,0.00,,,,,,,,13
1039101727,9221,2021-05-23 16:30:01.000,,,,0,D,150,,3817,3784,8,,,,,,,0.00,,,,,,,,13
2209675200,9221,2021-05-23 16:45:01.000,,,,0,D,150,,3814,3784,8,,,,,,,0.00,,,,,,,,13
3344793433,9221,2021-05-23 17:00:01.000,,,,0,D,150,,3814,3786,8,,,,,,,0.00,,,,,,,,13
4173397518,9221,2021-05-23 17:15:01.000,,,,0,D,150,,3812,3779,7,,,,,,,0.00,,,,,,,,13
1120176355,9221,2021-05-23 17:30:01.000,,,,0,D,151,,3812,3776,7,,,,,,,0.00,,,,,,,,13
2562791765,9221,2021-05-23 17:45:00.000,,,,0,D,150,,3812,3784,7,,,,,,,0.00,,,,,,,,13
3246691241,9221,2021-05-23 18:00:00.000,,,,0,D,150,,3808,3774,7,,,,,,,0.00,,,,,,,,13
0087563071,9221,2021-05-23 18:15:00.000,,,,0,D,150,,3807,3774,6,,,,,,,0.00,,,,,,,,13
1114218375,9221,2021-05-23 18:30:00.000,,,,0,D,150,,3807,3770,6,,,,,,,0.00,,,,,,,,13
2284333093,9221,2021-05-23 18:45:00.000,,,,0,D,151,,3804,3771,6,,,,,,,0.00,,,,,,,,13
3383996073,9221,2021-05-23 19:00:00.000,,,,0,D,150,,3802,3769,6,,,,,,,0.00,,,,,,,,13
0116732659,9221,2021-05-23 19:15:00.000,,,,0,D,150,,3802,3765,6,,,,,,,0.00,,,,,,,,13
1414315775,9221,2021-05-23 19:30:00.000,,,,0,D,150,,3802,3769,6,,,,,,,0.00,,,,,,,,13
2550679195,9221,2021-05-23 19:45:00.000,,,,0,D,150,,3802,3767,5,,,,,,,0.00,,,,,,,,13
3791835497,9221,2021-05-23 20:00:00.000,,,,0,D,151,,3802,3764,6,,,,,,,0.00,,,,,,,,13
0669407775,9221,2021-05-23 20:15:00.000,,,,0,D,150,,3800,3764,5,,,,,,,0.00,,,,,,,,13
1895359485,9221,2021-05-23 20:30:00.000,,,,0,D,150,,3800,3764,5,,,,,,,0.00,,,,,,,,13
3030543245,9221,2021-05-23 20:45:00.000,,,,0,D,150,,3798,3764,5,,,,,,,0.00,,,,,,,,13
4001558175,9221,2021-05-23 21:00:00.000,,,,0,D,150,,3796,3759,5,,,,,,,0.00,,,,,,,,13
0967539075,9221,2021-05-23 21:15:00.000,,,,0,D,151,,3796,3764,5,,,,,,,0.00,,,,,,,,13
2104230188,9221,2021-05-23 21:30:00.000,,,,0,D,150,,3793,3759,5,,,,,,,0.00,,,,,,,,13
3202385815,9221,2021-05-23 21:45:00.000,,,,0,D,150,,3793,3759,5,,,,,,,0.00,,,,,,,,13
0150016629,9221,2021-05-23 22:00:00.000,,,,0,D,150,,3793,3759,5,,,,,,,0.00,,,,,,,,13
1250859259,9221,2021-05-23 22:15:00.000,,,,0,D,150,,3793,3754,5,,,,,,,0.00,,,,,,,,13
2833591731,9221,2021-05-23 22:30:00.000,,,,0,D,151,,3793,3764,5,,,,,,,0.00,,,,,,,,13
3716197773,9221,2021-05-23 22:45:00.000,,,,0,D,150,,3789,3754,6,,,,,,,0.00,,,,,,,,13
0500446189,9221,2021-05-23 23:00:00.000,,,,0,D,150,,3789,3752,6,,,,,,,0.00,,,,,,,,13
1689697441,9221,2021-05-23 23:15:00.000,,,,0,D,150,,3786,3750,6,,,,,,,0.00,,,,,,,,13
3166260769,9221,2021-05-23 23:30:00.000,,,,0,D,150,,3786,3754,6,,,,,,,0.00,,,,,,,,13
4208710485,9221,2021-05-23 23:45:00.000,,,,0,D,151,,3784,3750,6,,,,,,,0.00,,,,,,,,13
1050893051,9221,2021-05-24 00:00:00.000,,,,0,D,150,,3784,3747,6,,,,,,,0.00,,,,,,,,13
2204623525,9221,2021-05-24 00:15:00.000,,,,0,D,150,,3784,3747,6,,,,,,,0.00,,,,,,,,13
3411831911,9221,2021-05-24 00:30:00.000,,,,0,D,150,,3784,3746,6,,,,,,,0.00,,,,,,,,13
0359659333,9221,2021-05-24 00:45:00.000,,,,0,D,150,,3784,3746,6,,,,,,,0.00,,,,,,,,13
1620738603,9221,2021-05-24 01:00:00.000,,,,0,D,151,,3784,3746,6,,,,,,,0.00,,,,,,,,13
2628191836,9221,2021-05-24 01:15:00.000,,,,0,D,150,,3779,3741,7,,,,,,,0.00,,,,,,,,13
3890123081,9221,2021-05-24 01:30:00.000,,,,0,D,150,,3776,3746,6,,,,,,,0.00,,,,,,,,13
0658118318,9221,2021-05-24 01:45:00.000,,,,0,D,150,,3776,3741,6,,,,,,,0.00,,,,,,,,13
2045355499,9221,2021-05-24 02:00:00.000,,,,0,D,150,,3779,3746,6,,,,,,,0.00,,,,,,,,13
3233427113,9221,2021-05-24 02:15:00.000,,,,0,D,151,,3776,3741,6,,,,,,,0.00,,,,,,,,13
4170166442,9221,2021-05-24 02:30:00.000,,,,0,D,150,,3774,3736,6,,,,,,,0.00,,,,,,,,13
1188773287,9221,2021-05-24 02:45:00.000,,,,0,D,150,,3774,3736,7,,,,,,,0.00,,,,,,,,13
2344338778,9221,2021-05-24 03:00:00.000,,,,0,D,150,,3774,3739,7,,,,,,,0.00,,,,,,,,13
3658633831,9221,2021-05-24 03:15:00.000,,,,0,D,150,,3774,3739,7,,,,,,,0.00,,,,,,,,13
0353555844,9221,2021-05-24 03:30:00.000,,,,0,D,151,,3769,3736,6,,,,,,,0.00,,,,,,,,13
1454201876,9221,2021-05-24 03:45:00.000,,,,0,D,150,,3769,3732,6,,,,,,,0.00,,,,,,,,13
2824006218,9221,2021-05-24 04:00:00.000,,,,0,D,150,,3769,3736,6,,,,,,,0.00,,,,,,,,13
3649399018,9221,2021-05-24 04:15:00.000,,,,0,D,150,,3764,3731,7,,,,,,,0.00,,,,,,,,13
0704378624,9221,2021-05-24 04:30:00.000,,,,0,D,150,,3764,3731,7,,,,,,,0.00,,,,,,,,13
2000978692,9221,2021-05-24 04:45:00.000,,,,0,D,151,,3764,3731,7,,,,,,,0.00,,,,,,,,13
2867135203,9221,2021-05-24 05:00:01.000,,,,0,D,150,,3759,3729,7,,,,,,,0.00,,,,,,,,13
4001794678,9221,2021-05-24 05:15:01.000,,,,0,D,150,,3759,3726,7,,,,,,,0.00,,,,,,,,13
0841617921,9221,2021-05-24 05:30:01.000,,,,0,D,150,,3757,3721,7,,,,,,,0.00,,,,,,,,13
1975490956,9221,2021-05-24 05:45:01.000,,,,0,D,150,,3754,3721,7,,,,,,,0.00,,,,,,,,13
3109036299,9221,2021-05-24 06:00:01.000,,,,0,D,151,,3754,3721,7,,,,,,,0.00,,,,,,,,13
4027818506,9221,2021-05-24 06:15:00.000,,,,0,D,150,,3752,3717,7,,,,,,,0.00,,,,,,,,13
0832514181,9221,2021-05-24 06:30:00.000,,,,0,D,150,,3750,3717,6,,,,,,,0.00,,,,,,,,13
2380184620,9221,2021-05-24 06:45:00.000,,,,0,D,150,,3750,3721,7,,,,,,,0.00,,,,,,,,13
3245030389,9221,2021-05-24 07:00:00.000,,,,0,D,150,,3747,3719,7,,,,,,,0.00,,,,,,,,13
0047891046,9221,2021-05-24 07:15:00.000,,,,0,D,151,,3746,3712,7,,,,,,,0.00,,,,,,,,13
1239436083,9221,2021-05-24 07:30:01.000,,,,0,D,150,,3746,3709,7,,,,,,,0.00,,,,,,,,13
2445923574,9221,2021-05-24 07:45:01.000,,,,0,D,150,,3746,3709,7,,,,,,,0.00,,,,,,,,13
3381155571,9221,2021-05-24 08:00:01.000,,,,0,D,150,,3741,3707,7,,,,,,,0.00,,,,,,,,13
0258400164,9221,2021-05-24 08:15:01.000,,,,0,D,150,,3741,3707,6,,,,,,,0.00,,,,,,,,13
1553558425,9221,2021-05-24 08:30:01.000,,,,0,D,151,,3741,3702,7,,,,,,,0.00,,,,,,,,13
2545938128,9221,2021-05-24 08:45:01.000,,,,0,D,150,,3739,3703,7,,,,,,,0.00,,,,,,,,13
3614536815,9221,2021-05-24 09:00:01.000,,,,0,D,150,,3741,3702,5,,,,,,,0.00,,,,,,,,13
0254801504,9221,2021-05-24 09:15:01.000,,,,0,D,150,,3739,3702,5,,,,,,,0.00,,,,,,,,13
1657701789,9221,2021-05-24 09:30:01.000,,,,0,D,150,,3736,3707,5,,,,,,,0.00,,,,,,,,13
4049062394,9221,2021-05-24 09:45:14.000,8.8257794,47.2919325,585.2,3,A,38,2021-05-24 09:45:53.000,3750,3726,5,0.07,0.00,0.36,8.45,2.0,8,0.00,,,,,,,,13
1552196734,9221,2021-05-24 10:00:01.000,8.8257924,47.2919048,582.3,3,A,9,2021-05-24 10:00:11.000,3759,3726,5,0.07,170.39,0.57,11.52,2.1,8,0.00,,,,,,,,13
0165005642,9221,2021-05-24 10:15:01.000,8.8257890,47.2919043,583.5,3,A,9,2021-05-24 10:15:11.000,3774,3741,8,0.19,0.00,0.76,12.03,2.9,7,0.00,,,,,,,,13
3181784092,9221,2021-05-24 10:30:01.000,8.8257505,47.2919375,574.6,3,A,9,2021-05-24 10:30:11.000,3775,3746,11,0.10,0.00,0.75,8.19,2.9,7,0.00,,,,,,,,13
1009637039,9221,2021-05-24 10:45:01.000,8.8257360,47.2919874,571.1,3,A,7,2021-05-24 10:45:09.000,3784,3759,11,0.23,0.00,0.85,9.73,3.6,6,0.00,,,,,,,,13
1231217994,9221,2021-05-24 11:00:01.000,8.8257716,47.2919778,584.4,3,A,9,2021-05-24 11:00:11.000,3793,3762,12,0.08,0.00,0.84,8.45,3.4,6,0.00,,,,,,,,13
3150532042,9221,2021-05-24 11:15:01.000,8.8257538,47.2919762,568.9,3,A,9,2021-05-24 11:15:11.000,3796,3774,14,0.09,0.00,0.78,8.96,3.1,6,0.00,,,,,,,,13
1118440542,9221,2021-05-24 11:30:01.000,8.8257797,47.2919532,579.9,3,A,8,2021-05-24 11:30:10.000,3798,3774,13,0.03,0.00,0.64,11.26,2.7,6,0.00,,,,,,,,13
4051066503,9221,2021-05-24 11:45:02.000,8.8258097,47.2919130,585.8,3,A,9,2021-05-24 11:45:12.000,3798,3769,8,0.12,141.56,0.64,14.08,2.5,6,0.00,,,,,,,,13
0319817614,9221,2021-05-24 12:00:02.000,8.8257918,47.2919271,586.5,3,A,38,2021-05-24 12:00:41.000,3798,3774,5,0.01,0.00,0.34,4.10,1.6,9,0.00,,,,,,,,13
3754065117,9221,2021-05-24 12:15:01.000,8.8257894,47.2919033,582.0,3,A,7,2021-05-24 12:15:09.000,3798,3774,3,0.08,0.00,0.52,6.91,1.6,9,0.00,,,,,,,,13
0963292599,9221,2021-05-24 12:30:01.000,8.8257937,47.2919593,585.0,3,A,6,2021-05-24 12:30:08.000,3802,3769,3,0.03,0.00,0.56,6.40,2.3,7,0.00,,,,,,,,13
0600302364,9221,2021-05-24 12:45:02.000,8.8257966,47.2919732,586.6,3,A,9,2021-05-24 12:45:12.000,3802,3774,1,0.04,0.00,0.64,8.45,2.5,7,0.00,,,,,,,,13
3085143814,9221,2021-05-24 13:00:02.000,8.8257832,47.2919706,588.3,3,A,5,2021-05-24 13:00:08.000,3804,3775,2,0.28,40.63,0.68,7.68,2.6,7,0.00,,,,,,,,13
1162069944,9221,2021-05-24 13:15:02.000,8.8257694,47.2919452,567.9,3,A,6,2021-05-24 13:15:08.000,3807,3786,4,0.11,0.00,0.70,6.91,2.7,6,0.00,,,,,,,,13
0321219672,9221,2021-05-24 13:30:02.000,8.8257670,47.2919269,569.3,3,A,8,2021-05-24 13:30:11.000,3807,3776,5,0.10,0.00,1.39,8.96,6.6,5,0.00,,,,,,,,13
3117848160,9221,2021-05-24 13:45:01.000,8.8257599,47.2919274,581.2,3,A,9,2021-05-24 13:45:11.000,3807,3784,4,0.15,0.00,1.12,7.68,5.1,5,0.00,,,,,,,,13
2196603344,9221,2021-05-24 14:00:01.000,8.8257052,47.2919499,567.4,3,A,8,2021-05-24 14:00:10.000,3807,3776,3,0.16,0.00,1.06,10.75,4.7,5,0.00,,,,,,,,13
2305560479,9221,2021-05-24 14:15:02.000,8.8258627,47.2919608,588.9,3,A,5,2021-05-24 14:15:08.000,3812,3789,5,0.69,121.24,1.25,12.29,5.7,5,0.00,,,,,,,,13
3904779312,9221,2021-05-24 14:30:02.000,8.8255482,47.2920398,571.9,3,A,6,2021-05-24 14:30:09.000,3812,3789,5,1.20,124.52,1.95,26.11,10.4,5,0.00,,,,,,,,13
3765580703,9221,2021-05-24 14:45:01.000,8.8257932,47.2919410,584.9,3,A,19,2021-05-24 14:45:21.000,3812,3784,3,0.03,123.21,0.37,4.61,1.7,8,0.00,,,,,,,,13
3314467896,9221,2021-05-24 15:00:01.000,8.8257734,47.2919513,579.8,3,A,7,2021-05-24 15:00:09.000,3812,3784,-1,0.05,0.00,0.43,6.14,1.8,8,0.00,,,,,,,,13
2382688059,9221,2021-05-24 15:15:01.000,8.8257646,47.2919741,577.7,3,A,6,2021-05-24 15:15:08.000,3812,3786,-1,0.04,0.00,0.53,5.89,2.1,7,0.00,,,,,,,,13
2302447994,9221,2021-05-24 15:30:02.000,8.8257655,47.2919250,578.4,3,A,6,2021-05-24 15:30:09.000,3812,3786,-1,0.04,0.00,0.58,6.91,2.5,6,0.00,,,,,,,,13
4123252330,9221,2021-05-24 15:45:01.000,8.8257476,47.2919696,572.7,3,A,6,2021-05-24 15:45:08.000,3812,3784,-2,0.10,0.00,0.67,5.89,3.0,6,0.00,,,,,,,,13
2637980625,9221,2021-05-24 16:00:02.000,8.8257829,47.2919377,582.8,3,A,6,2021-05-24 16:00:09.000,3814,3789,-1,0.22,0.00,1.20,8.19,5.5,4,0.00,,,,,,,,13
3347286946,9221,2021-05-24 16:15:01.000,8.8257281,47.2919316,573.3,3,A,6,2021-05-24 16:15:08.000,3814,3786,-2,0.51,0.00,1.87,12.29,10.4,4,0.00,,,,,,,,13
2192962662,9221,2021-05-24 16:30:02.000,8.8258326,47.2919993,600.7,3,A,18,2021-05-24 16:30:21.000,3814,3786,-2,0.03,0.00,0.79,5.12,3.5,6,0.00,,,,,,,,13
1495489034,9221,2021-05-24 16:45:01.000,8.8258322,47.2919557,591.2,3,A,10,2021-05-24 16:45:12.000,3812,3786,-2,0.07,0.00,0.74,5.63,3.2,6,0.00,,,,,,,,13
1181083145,9221,2021-05-24 17:00:01.000,8.8258264,47.2919371,591.4,3,A,8,2021-05-24 17:00:09.999,3812,3789,-3,0.06,0.00,0.70,6.66,3.0,6,0.00,,,,,,,,13
3231712870,9221,2021-05-24 17:15:02.000,8.8258208,47.2919328,594.8,3,A,8,2021-05-24 17:15:11.000,3814,3789,-4,0.08,0.00,0.74,8.45,3.0,6,0.00,,,,,,,,13
2996617024,9221,2021-05-24 17:30:01.000,8.8258099,47.2919255,591.1,3,A,9,2021-05-24 17:30:11.000,3814,3789,-4,0.15,0.00,1.13,11.01,3.2,6,0.00,,,,,,,,13
2707368159,9221,2021-05-24 17:45:01.000,8.8257843,47.2919270,585.6,3,A,21,2021-05-24 17:45:23.000,3812,3784,-5,0.02,0.00,0.37,5.12,1.8,8,0.00,,,,,,,,13
3010377298,9221,2021-05-24 18:00:01.000,8.8257577,47.2919116,589.1,3,A,8,2021-05-24 18:00:10.000,3812,3784,-6,0.11,0.00,0.45,6.66,1.7,8,0.00,,,,,,,,13
2413236989,9221,2021-05-24 18:15:02.000,8.8257795,47.2919670,586.9,3,A,9,2021-05-24 18:15:12.000,3812,3784,-6,0.06,0.00,0.49,7.42,1.8,7,0.00,,,,,,,,13
0839244229,9221,2021-05-24 18:30:02.000,8.8258256,47.2919875,585.3,3,A,10,2021-05-24 18:30:13.000,3812,3784,-7,0.32,0.00,1.15,14.08,4.6,6,0.00,,,,,,,,13
0394489903,9221,2021-05-24 18:45:01.000,8.8258166,47.2920700,584.9,3,A,8,2021-05-24 18:45:10.000,3812,3776,-7,0.08,0.00,0.94,14.59,3.7,6,0.00,,,,,,,,13
0001165584,9221,2021-05-24 19:00:02.000,8.8258983,47.2920754,556.1,3,A,6,2021-05-24 19:00:09.000,3812,3784,-7,0.30,0.00,1.25,17.66,6.1,5,0.00,,,,,,,,13
1132088111,9221,2021-05-24 19:15:01.000,8.8258623,47.2920246,550.7,3,A,6,2021-05-24 19:15:08.000,3808,3779,-7,0.35,247.73,1.24,13.31,6.0,5,0.00,,,,,,,,13
3049854956,9221,2021-05-24 19:30:01.000,8.8258707,47.2921031,536.0,3,A,9,2021-05-24 19:30:10.000,3812,3769,-8,0.19,0.00,1.34,16.64,5.7,5,0.00,,,,,,,,13
2497223413,9221,2021-05-24 19:45:01.000,8.8257977,47.2920950,549.2,3,A,7,2021-05-24 19:45:09.000,3812,3776,-8,0.25,0.00,1.28,11.78,5.5,5,0.00,,,,,,,,13
1570109671,9221,2021-05-24 20:00:01.000,8.8257870,47.2920834,552.2,3,A,8,2021-05-24 20:00:10.000,3812,3769,-9,0.22,0.00,1.33,14.85,5.2,5,0.00,,,,,,,,13
2020877273,9221,2021-05-24 20:15:01.000,8.8257926,47.2919116,576.7,3,A,21,2021-05-24 20:15:23.000,3809,3774,-9,0.03,0.00,0.74,5.38,2.8,7,0.00,,,,,,,,13
3247210496,9221,2021-05-24 20:30:01.000,8.8258165,47.2918903,574.5,3,A,6,2021-05-24 20:30:08.000,3812,3779,-9,0.06,0.00,0.68,4.61,2.6,7,0.00,,,,,,,,13
0152854799,9221,2021-05-24 20:45:01.000,8.8258031,47.2919086,576.0,3,A,6,2021-05-24 20:45:08.000,3809,3769,-9,0.03,0.00,0.58,5.12,2.3,7,0.00,,,,,,,,13
2480726765,9221,2021-05-24 21:00:01.000,8.8258056,47.2919139,573.6,3,A,8,2021-05-24 21:00:09.000,3809,3776,-10,0.08,0.00,0.73,5.12,2.0,7,0.00,,,,,,,,13
2162227815,9221,2021-05-24 21:15:01.000,8.8258009,47.2919070,581.3,3,A,8,2021-05-24 21:15:10.000,3809,3774,-11,0.09,0.00,0.78,6.66,3.7,5,0.00,,,,,,,,13
0516375138,9221,2021-05-24 21:30:01.000,8.8257827,47.2919075,584.6,3,A,6,2021-05-24 21:30:08.000,3809,3776,-10,0.25,0.00,1.00,11.78,4.4,5,0.00,,,,,,,,13
2836931608,9221,2021-05-24 21:45:00.000,8.8258078,47.2919989,585.1,3,A,9,2021-05-24 21:45:11.000,3807,3764,-10,0.26,0.00,1.42,21.76,6.6,4,0.00,,,,,,,,13
2981368121,9221,2021-05-24 22:00:02.000,8.8257494,47.2920117,574.5,3,A,6,2021-05-24 22:00:09.000,3807,3776,-10,0.49,0.00,1.50,12.54,7.2,4,0.00,,,,,,,,13
1466907962,9221,2021-05-24 22:15:01.000,8.8257841,47.2919292,580.3,3,A,6,2021-05-24 22:15:08.000,3809,3776,-10,0.36,0.00,1.56,15.62,7.4,4,0.00,,,,,,,,13
1567741653,9221,2021-05-24 22:30:01.000,8.8257207,47.2920075,573.7,3,A,8,2021-05-24 22:30:10.000,3812,3764,-9,0.36,124.52,1.60,19.20,7.3,4,0.00,,,,,,,,13
4124955059,9221,2021-05-24 22:45:01.000,8.8259121,47.2918032,592.9,3,A,7,2021-05-24 22:45:09.000,3807,3774,-10,0.47,110.10,1.77,33.02,7.0,4,0.00,,,,,,,,13
2075399045,9221,2021-05-24 23:00:01.000,8.8257906,47.2919215,580.5,3,A,21,2021-05-24 23:00:23.000,3807,3774,-10,0.00,0.00,0.78,4.86,4.0,4,0.00,,,,,,,,13
0400366762,9221,2021-05-24 23:15:01.000,8.8258159,47.2919040,584.3,3,A,9,2021-05-24 23:15:11.000,3807,3764,-10,0.03,0.00,0.92,7.42,3.9,4,0.00,,,,,,,,13
0504264834,9221,2021-05-24 23:30:01.000,8.8257966,47.2919213,585.7,3,A,7,2021-05-24 23:30:09.000,3807,3774,-10,0.09,0.00,0.94,10.50,3.9,4,0.00,,,,,,,,13
2804572620,9221,2021-05-24 23:45:01.000,8.8257903,47.2919683,588.4,3,A,19,2021-05-24 23:45:21.000,3807,3764,-10,0.01,118.62,0.46,5.63,1.9,7,0.00,,,,,,,,13
1685989695,9221,2021-05-25 00:00:01.000,8.8257664,47.2919661,592.6,3,A,8,2021-05-25 00:00:10.000,3807,3759,-10,0.03,0.00,0.80,3.84,2.5,6,0.00,,,,,,,,13
1789844243,9221,2021-05-25 00:15:01.000,8.8257585,47.2919613,597.5,3,A,6,2021-05-25 00:15:08.000,3807,3774,-10,0.05,0.00,0.68,5.63,2.7,5,0.00,,,,,,,,13
4226448761,9221,2021-05-25 00:30:01.000,8.8257922,47.2919957,591.0,3,A,6,2021-05-25 00:30:08.000,3807,3769,-10,0.24,0.00,0.89,13.31,2.6,5,0.00,,,,,,,,13
0710883223,9221,2021-05-25 00:45:01.000,8.8257856,47.2920390,586.2,3,A,6,2021-05-25 00:45:08.000,3807,3769,-11,0.09,0.00,0.83,12.03,3.9,4,0.00,,,,,,,,13
4003606070,9221,2021-05-25 01:00:01.000,8.8257625,47.2920562,578.5,3,A,8,2021-05-25 01:00:10.000,3807,3767,-12,0.06,0.00,0.78,12.29,4.0,4,0.00,,,,,,,,13
3048865814,9221,2021-05-25 01:15:01.000,8.8257513,47.2920090,583.7,3,A,7,2021-05-25 01:15:09.000,3807,3764,-12,0.20,0.00,1.12,15.87,4.2,4,0.00,,,,,,,,13
2099627819,9221,2021-05-25 01:30:01.000,8.8257964,47.2917848,563.1,3,A,21,2021-05-25 01:30:23.000,3807,3769,-12,0.09,0.00,0.85,13.82,8.0,5,0.00,,,,,,,,13
4053827535,9221,2021-05-25 01:45:01.000,8.8257812,47.2919375,584.2,3,A,6,2021-05-25 01:45:08.000,3807,3769,-12,0.18,0.00,0.98,9.22,4.9,5,0.00,,,,,,,,13
3190701674,9221,2021-05-25 02:00:01.000,8.8257531,47.2919568,581.0,3,A,6,2021-05-25 02:00:08.000,3804,3769,-12,0.10,0.00,0.77,11.01,4.1,5,0.00,,,,,,,,13
2714195256,9221,2021-05-25 02:15:01.000,8.8257930,47.2918970,584.4,3,A,6,2021-05-25 02:15:08.000,3807,3769,-12,0.07,0.00,0.78,10.75,3.8,5,0.00,,,,,,,,13
1818333919,9221,2021-05-25 02:30:01.000,8.8257891,47.2919176,584.2,3,A,6,2021-05-25 02:30:07.000,3804,3769,-12,0.17,0.00,0.84,9.22,3.9,5,0.00,,,,,,,,13
0528614866,9221,2021-05-25 02:45:01.000,8.8257761,47.2919128,591.4,3,A,5,2021-05-25 02:45:07.000,3807,3769,-12,0.27,133.04,1.30,13.06,5.7,4,0.00,,,,,,,,13
3837857406,9221,2021-05-25 03:00:01.000,8.8258086,47.2918554,597.8,3,A,6,2021-05-25 03:00:08.000,3807,3769,-12,0.23,150.73,1.19,17.41,5.1,4,0.00,,,,,,,,13
2335124980,9221,2021-05-25 03:15:01.000,8.8258916,47.2917735,600.3,3,A,8,2021-05-25 03:15:10.000,3804,3759,-12,0.18,149.42,1.39,25.09,4.9,4,0.00,,,,,,,,13
1282901492,9221,2021-05-25 03:30:01.000,8.8258206,47.2918415,597.8,3,A,8,2021-05-25 03:30:10.000,3807,3759,-12,0.27,353.89,1.53,32.51,4.8,4,0.00,,,,,,,,13
2928813408,9221,2021-05-25 03:45:01.000,8.8258463,47.2918501,590.2,3,A,10,2021-05-25 03:45:12.000,3807,3769,-12,2.21,173.67,5.12,60.93,4.8,4,0.00,,,,,,,,13
3560009624,9221,2021-05-25 04:00:01.000,8.8258051,47.2919412,588.3,3,A,22,2021-05-25 04:00:23.000,3807,3769,-12,0.02,0.00,0.37,5.12,1.6,10,0.00,,,,,,,,13
3952999547,9221,2021-05-25 04:15:01.000,8.8258009,47.2919084,582.0,3,A,7,2021-05-25 04:15:09.000,3807,3767,-12,0.08,0.00,0.65,5.38,2.6,8,0.00,,,,,,,,13
3404555040,9221,2021-05-25 04:30:01.000,8.8258305,47.2919097,584.4,3,A,5,2021-05-25 04:30:07.000,3807,3769,-11,0.04,0.00,0.72,6.91,2.7,8,0.00,,,,,,,,13
2673011684,9221,2021-05-25 04:45:01.000,8.8257847,47.2919152,575.3,3,A,7,2021-05-25 04:45:09.000,3807,3769,-11,0.01,0.00,0.66,7.68,2.4,8,0.00,,,,,,,,13
2230453782,9221,2021-05-25 05:00:01.000,8.8257931,47.2919154,581.7,3,A,8,2021-05-25 05:00:10.000,3812,3774,-10,0.00,0.00,0.54,5.38,2.1,8,0.00,,,,,,,,13
2678048331,9221,2021-05-25 05:15:02.000,8.8258191,47.2919161,586.8,3,A,6,2021-05-25 05:15:09.000,3812,3784,-9,0.08,0.00,0.55,7.17,1.8,8,0.00,,,,,,,,13
2847396767,9221,2021-05-25 05:30:01.000,8.8258089,47.2918979,576.4,3,A,10,2021-05-25 05:30:12.000,3814,3779,-7,0.21,0.00,0.80,9.73,1.9,7,0.00,,,,,,,,13
0580502645,9221,2021-05-25 05:45:02.000,8.8258146,47.2919678,585.3,3,A,15,2021-05-25 05:45:18.000,3817,3786,-8,0.61,298.19,1.01,16.38,1.7,7,0.00,,,,,,,,13
2411795639,9221,2021-05-25 06:00:02.000,8.8256368,47.2919547,569.3,3,A,8,2021-05-25 06:00:11.000,3822,3776,-8,0.38,111.41,1.53,27.14,5.1,5,0.00,,,,,,,,13
3966191945,9221,2021-05-25 06:15:01.000,8.8258208,47.2919633,590.0,3,A,18,2021-05-25 06:15:19.000,3817,3784,-6,0.01,0.00,0.34,7.68,1.5,9,0.00,,,,,,,,13
1468189262,9221,2021-05-25 06:30:01.000,8.8258208,47.2919626,592.2,3,A,7,2021-05-25 06:30:09.000,3822,3784,-9,0.01,0.00,0.46,4.61,1.5,9,0.00,,,,,,,,13
3836052479,9221,2021-05-25 06:45:01.000,8.8258540,47.2919788,593.9,3,A,9,2021-05-25 06:45:11.000,3822,3789,-5,0.00,0.00,0.39,4.35,2.3,7,0.00,,,,,,,,13
2919195591,9221,2021-05-25 07:00:01.000,8.8258439,47.2919369,592.1,3,A,8,2021-05-25 07:00:10.000,3826,3793,-4,0.06,0.00,0.62,7.17,2.6,7,0.00,,,,,,,,13
2227827207,9221,2021-05-25 07:15:02.000,8.8258386,47.2919542,593.1,3,A,6,2021-05-25 07:15:09.000,3831,3804,-2,0.17,0.00,0.68,7.17,2.7,7,0.00,,,,,,,,13
1465941889,9221,2021-05-25 07:30:01.000,8.8258317,47.2920311,580.9,3,A,8,2021-05-25 07:30:10.000,3826,3802,-2,0.01,0.00,0.68,9.22,2.9,6,0.00,,,,,,,,13
1729254806,9221,2021-05-25 07:45:02.000,8.8258248,47.2919161,576.4,3,A,9,2021-05-25 07:45:12.000,3826,3798,-6,0.03,0.00,0.58,7.68,2.7,6,0.00,,,,,,,,13
1015142847,9221,2021-05-25 08:00:02.000,8.8258514,47.2919017,584.2,3,A,5,2021-05-25 08:00:08.000,3831,3802,-4,0.04,352.58,0.60,9.22,2.4,6,0.00,,,,,,,,13
1090449495,9221,2021-05-25 08:15:02.000,8.8258283,47.2919639,579.6,3,A,8,2021-05-25 08:15:11.000,3841,3812,-3,0.07,0.00,0.60,10.24,2.2,6,0.00,,,,,,,,13
0120466013,9221,2021-05-25 08:30:01.000,8.8258644,47.2919064,581.2,3,A,8,2021-05-25 08:30:10.000,3851,3817,0,0.26,161.87,0.57,11.26,2.0,6,0.00,,,,,,,,13
3485017240,9221,2021-05-25 08:45:02.000,8.8258034,47.2920241,572.2,3,A,9,2021-05-25 08:45:12.000,3856,3822,3,0.14,0.00,0.88,11.78,1.8,6,0.00,,,,,,,,13
2746118592,9221,2021-05-25 09:00:02.000,8.8258751,47.2919836,573.5,3,A,10,2021-05-25 09:00:12.000,3846,3817,3,0.32,0.00,1.02,13.57,2.8,5,0.00,,,,,,,,13
2904174938,9221,2021-05-25 09:15:02.000,8.8256438,47.2919019,554.3,3,A,20,2021-05-25 09:15:23.000,3853,3826,6,0.55,0.00,1.35,15.36,6.1,4,0.00,,,,,,,,13
1150611216,9221,2021-05-25 09:30:00.000,8.8255597,47.2918538,562.1,3,A,10,2021-05-25 09:30:11.000,3843,3817,11,0.56,60.95,1.58,23.81,6.4,4,0.00,,,,,,,,13
1705089460,9221,2021-05-25 09:45:01.000,8.8254994,47.2918694,554.9,3,A,11,2021-05-25 09:45:13.000,3853,3831,12,0.20,0.00,1.86,32.26,7.2,4,0.00,,,,,,,,13
4273570627,9221,2021-05-25 10:00:01.000,8.8257626,47.2918446,593.5,3,A,21,2021-05-25 10:00:23.000,3864,3846,6,0.14,0.00,0.93,10.75,4.4,5,0.00,,,,,,,,13
2225613051,9221,2021-05-25 10:15:01.000,8.8258096,47.2918526,587.6,3,A,8,2021-05-25 10:15:10.000,3864,3836,12,0.01,0.00,0.57,8.70,3.3,4,0.00,,,,,,,,13
4078210217,9221,2021-05-25 10:30:02.000,8.8258150,47.2919154,588.5,3,A,20,2021-05-25 10:30:23.000,3881,3859,13,0.02,0.00,0.71,7.17,2.9,6,0.00,,,,,,,,13
2103598651,9221,2021-05-25 10:45:01.000,8.8258319,47.2918920,592.4,3,A,9,2021-05-25 10:45:11.000,3889,3859,20,0.12,0.00,0.82,6.91,3.3,6,0.00,,,,,,,,13
1895207157,9221,2021-05-25 11:00:01.000,8.8258377,47.2919081,598.2,3,A,8,2021-05-25 11:00:10.000,3919,3898,27,0.17,0.00,0.94,6.66,3.9,6,0.00,,,,,,,,13
2184856421,9221,2021-05-25 11:15:02.000,8.8258451,47.2919004,589.5,3,A,8,2021-05-25 11:15:11.000,3961,3931,16,0.88,123.86,0.98,7.42,4.1,6,0.00,,,,,,,,13
0324517772,9221,2021-05-25 11:30:01.000,8.8258224,47.2919220,580.4,3,A,8,2021-05-25 11:30:09.000,3968,3941,18,0.60,127.14,0.91,10.50,3.7,6,0.00,,,,,,,,13
0871358956,9221,2021-05-25 11:44:59.000,8.8258310,47.2919127,579.2,3,A,6,2021-05-25 11:45:07.000,3974,3951,29,0.34,133.04,0.76,15.87,3.5,5,0.00,,,,,,,,13
0733751830,9221,2021-05-25 12:00:03.000,8.8257160,47.2920202,590.5,3,A,9,2021-05-25 12:00:13.000,3968,3948,21,0.12,0.00,0.76,14.85,3.0,5,0.00,,,,,,,,13
2032869281,9221,2021-05-25 12:15:01.000,8.8258687,47.2919445,599.7,3,A,11,2021-05-25 12:15:13.000,3994,3974,3,0.28,0.00,1.44,19.20,2.6,5,0.00,,,,,,,,13
3972597359,9221,2021-05-25 12:29:59.000,8.8257297,47.2919803,581.2,3,A,19,2021-05-25 12:30:20.000,3977,3966,33,0.03,0.00,0.81,18.43,4.2,5,0.00,,,,,,,,13
1105034763,9221,2021-05-25 12:45:01.000,8.8258003,47.2920301,582.8,3,A,9,2021-05-25 12:45:11.000,3974,3966,33,0.11,0.00,0.93,23.81,3.8,5,0.00,,,,,,,,13
2647402517,9221,2021-05-25 13:00:01.000,8.8259522,47.2918914,589.3,3,A,11,2021-05-25 13:00:13.000,3995,3979,11,0.11,0.00,0.94,15.62,3.5,5,0.00,,,,,,,,13
0733014204,9221,2021-05-25 13:15:00.000,8.8258692,47.2919842,599.5,3,A,25,2021-05-25 13:15:26.000,3994,3989,15,0.48,19.01,0.91,9.73,3.2,5,0.00,,,,,,,,13
3517901688,9221,2021-05-25 13:30:00.000,8.8257431,47.2919239,567.7,3,A,36,2021-05-25 13:30:38.000,3977,3974,34,0.12,0.00,1.28,12.54,5.9,6,0.00,,,,,,,,13
1107511493,9221,2021-05-25 13:45:01.000,8.8257530,47.2918504,578.4,3,A,8,2021-05-25 13:45:10.000,3974,3968,37,0.49,30.15,1.28,17.92,4.3,6,0.00,,,,,,,,13
4160055232,9221,2021-05-25 14:00:02.000,8.8258270,47.2919314,559.3,3,A,9,2021-05-25 14:00:12.000,3995,3977,14,0.08,0.00,0.80,10.75,3.4,6,0.00,,,,,,,,13
0427183619,9221,2021-05-25 14:15:01.000,8.8258770,47.2919043,552.0,3,A,6,2021-05-25 14:15:08.001,3984,3974,29,0.15,0.00,0.88,23.30,3.3,6,0.00,,,,,,,,13
4244160937,9221,2021-05-25 14:30:01.000,8.8256657,47.2920563,549.2,3,A,5,2021-05-25 14:30:07.000,3977,3974,33,0.11,0.00,1.04,25.34,4.2,5,0.00,,,,,,,,13
0706189522,9221,2021-05-25 14:45:00.000,8.8254087,47.2920546,538.5,3,A,7,2021-05-25 14:45:08.000,3977,3969,33,0.23,0.00,1.35,27.65,5.3,5,0.00,,,,,,,,13
1811367043,9221,2021-05-25 15:00:01.000,8.8254593,47.2920924,555.1,3,A,8,2021-05-25 15:00:10.000,3979,3969,32,0.95,110.76,2.52,48.13,9.1,4,0.00,,,,,,,,13
2041437107,9221,2021-05-25 15:15:01.000,8.8257877,47.2919364,586.3,3,A,36,2021-05-25 15:15:38.000,3979,3974,30,0.02,117.31,0.44,5.12,2.1,7,0.00,,,,,,,,13
0620958224,9221,2021-05-25 15:30:01.000,8.8257981,47.2919117,588.3,3,A,7,2021-05-25 15:30:09.000,3984,3974,29,0.01,0.00,0.55,9.22,2.6,6,0.00,,,,,,,,13
2408231758,9221,2021-05-25 15:45:01.000,8.8258248,47.2919089,592.0,3,A,8,2021-05-25 15:45:09.000,3984,3977,26,0.01,0.00,0.27,6.66,3.2,6,0.00,,,,,,,,13
1926276623,9221,2021-05-25 16:00:01.000,8.8258159,47.2919348,599.3,3,A,15,2021-05-25 16:00:17.000,3989,3979,17,0.30,0.00,0.91,7.42,3.7,6,0.00,,,,,,,,13
0145730107,9221,2021-05-25 16:15:01.000,8.8258519,47.2919544,600.0,3,A,9,2021-05-25 16:15:11.000,3996,3975,10,0.15,0.00,1.69,16.38,7.8,5,0.00,,,,,,,,13
3728199109,9221,2021-05-25 16:30:01.000,8.8257989,47.2919429,592.7,3,A,8,2021-05-25 16:30:10.000,3999,3984,5,0.14,0.00,1.22,10.75,5.8,5,0.00,,,,,,,,13
2896735002,9221,2021-05-25 16:45:02.000,8.8258096,47.2919166,590.5,3,A,10,2021-05-25 16:45:13.000,3999,3979,6,0.10,0.00,0.96,9.47,4.5,5,0.00,,,,,,,,13
0949644174,9221,2021-05-25 17:00:01.000,8.8257493,47.2919528,581.4,3,A,8,2021-05-25 17:00:10.000,4001,3975,4,0.09,99.61,1.00,12.03,4.4,5,0.00,,,,,,,,13
0245878063,9221,2021-05-25 17:15:02.000,8.8259467,47.2919135,596.0,3,A,10,2021-05-25 17:15:13.000,4003,3974,2,0.04,0.00,1.01,21.50,5.2,5,0.00,,,,,,,,13
1493619799,9221,2021-05-25 17:30:01.000,8.8257816,47.2919312,584.2,3,A,21,2021-05-25 17:30:23.000,4001,3979,2,0.06,0.00,0.69,5.12,2.7,5,0.00,,,,,,,,13
2548135771,9221,2021-05-25 17:45:01.000,8.8258762,47.2918216,586.8,3,A,8,2021-05-25 17:45:10.000,4003,3981,0,0.02,0.00,0.50,10.24,1.9,7,0.00,,,,,,,,13
1613885323,9221,2021-05-25 18:00:02.000,8.8257956,47.2919201,580.2,3,A,38,2021-05-25 18:00:41.000,4003,3977,-3,0.07,0.00,0.73,5.89,1.6,9,0.00,,,,,,,,13
0653233838,9221,2021-05-25 18:15:01.000,8.8257861,47.2919429,586.6,3,A,8,2021-05-25 18:15:10.000,4003,3979,-4,0.13,350.62,0.74,8.70,1.5,9,0.00,,,,,,,,13
3438733248,9221,2021-05-25 18:30:02.000,8.8257848,47.2919952,590.6,3,A,13,2021-05-25 18:30:16.000,4003,3974,-6,0.28,353.89,1.11,16.13,2.5,7,0.00,,,,,,,,13
1687743670,9221,2021-05-25 18:45:02.000,8.8257252,47.2918457,581.0,3,A,9,2021-05-25 18:45:12.000,4003,3968,-7,0.20,0.00,0.92,13.57,3.5,6,0.00,,,,,,,,13
3197799837,9221,2021-05-25 19:00:02.000,8.8257304,47.2919080,601.3,3,A,8,2021-05-25 19:00:11.000,4006,3974,-9,0.08,210.37,1.14,17.92,2.8,6,0.00,,,,,,,,13
3871361313,9221,2021-05-25 19:15:01.000,8.8257420,47.2918954,596.6,3,A,7,2021-05-25 19:15:09.000,4003,3974,-10,0.14,0.00,1.23,12.29,5.9,5,0.00,,,,,,,,13
2509718408,9221,2021-05-25 19:30:01.000,8.8257953,47.2920146,573.0,3,A,6,2021-05-25 19:30:08.000,4003,3974,-10,0.21,0.00,1.25,12.54,5.6,5,0.00,,,,,,,,13
2514110933,9221,2021-05-25 19:45:01.000,8.8257646,47.2919479,586.7,3,A,6,2021-05-25 19:45:08.000,4003,3974,-10,0.22,207.09,1.27,11.01,5.4,5,0.00,,,,,,,,13
0542456570,9221,2021-05-25 20:00:01.000,8.8257768,47.2920026,565.5,3,A,9,2021-05-25 20:00:10.000,4003,3974,-11,0.12,0.00,1.22,11.01,5.2,5,0.00,,,,,,,,13
2656434945,9221,2021-05-25 20:15:01.000,8.8257720,47.2918985,599.0,3,A,8,2021-05-25 20:15:10.000,4003,3974,-13,0.11,0.00,1.19,9.22,5.0,5,0.00,,,,,,,,13
0260232172,9221,2021-05-25 20:30:01.000,8.8257724,47.2919523,581.4,3,A,8,2021-05-25 20:30:09.000,4003,3974,-14,0.10,0.00,1.19,12.54,5.0,5,0.00,,,,,,,,13
4255047569,9221,2021-05-25 20:45:01.000,8.8258057,47.2918781,602.9,3,A,8,2021-05-25 20:45:10.000,4003,3966,-14,0.10,0.00,1.33,20.22,5.9,4,0.00,,,,,,,,13
2871719509,9221,2021-05-25 21:00:01.000,8.8258714,47.2918691,599.7,3,A,10,2021-05-25 21:00:12.000,4003,3961,-14,0.30,0.00,1.82,34.56,6.0,4,0.00,,,,,,,,13
0837276673,9221,2021-05-25 21:15:01.000,8.8257918,47.2919309,583.0,3,A,21,2021-05-25 21:15:23.000,4003,3967,-16,0.04,0.00,0.39,4.35,1.7,8,0.00,,,,,,,,13
3383120261,9221,2021-05-25 21:30:01.000,8.8258452,47.2920208,586.3,3,A,7,2021-05-25 21:30:09.000,4003,3966,-14,0.10,0.00,0.66,8.45,1.9,7,0.00,,,,,,,,13
2695292828,9221,2021-05-25 21:45:01.000,8.8257961,47.2919919,587.6,3,A,7,2021-05-25 21:45:09.000,4003,3966,-13,0.09,203.16,0.70,8.70,3.2,5,0.00,,,,,,,,13
0184484728,9221,2021-05-25 22:00:01.000,8.8257832,47.2919735,579.5,3,A,8,2021-05-25 22:00:10.000,4003,3961,-13,0.00,0.00,0.57,5.63,2.9,5,0.00,,,,,,,,13
4201282312,9221,2021-05-25 22:15:01.000,8.8257858,47.2919709,572.7,3,A,6,2021-05-25 22:15:08.000,3999,3974,-13,0.23,0.00,1.18,7.42,5.4,4,0.00,,,,,,,,13
2375336968,9221,2021-05-25 22:30:01.000,8.8257500,47.2919786,576.7,3,A,8,2021-05-25 22:30:09.000,4003,3966,-13,0.05,0.00,0.97,5.89,4.5,4,0.00,,,,,,,,13
3460286722,9221,2021-05-25 22:45:01.000,8.8257152,47.2919693,580.7,3,A,8,2021-05-25 22:45:10.000,4003,3968,-14,0.01,0.00,0.91,6.14,4.1,4,0.00,,,,,,,,13
2337929315,9221,2021-05-25 23:00:01.000,8.8257478,47.2920085,580.3,3,A,9,2021-05-25 23:00:11.000,4001,3956,-15,0.04,0.00,0.85,4.86,3.9,4,0.00,,,,,,,,13
1879585136,9221,2021-05-25 23:15:01.000,8.8257066,47.2920243,584.4,3,A,8,2021-05-25 23:15:10.000,3999,3961,-14,0.07,0.00,0.74,6.14,3.9,4,0.00,,,,,,,,13
2143988832,9221,2021-05-25 23:30:01.000,8.8257373,47.2919460,587.3,3,A,5,2021-05-25 23:30:07.000,4001,3967,-14,0.09,0.00,0.83,10.75,3.9,4,0.00,,,,,,,,13
2008308996,9221,2021-05-25 23:45:01.000,8.8257129,47.2920232,573.3,3,A,11,2021-05-25 23:45:13.000,4003,3962,-16,0.11,0.00,1.10,16.64,4.0,4,0.00,,,,,,,,13
0866683692,9221,2021-05-26 00:00:01.000,8.8258033,47.2919356,589.0,3,A,21,2021-05-26 00:00:23.000,4003,3961,-17,0.01,0.00,0.58,4.10,2.8,6,0.00,,,,,,,,13
0280495684,9221,2021-05-26 00:15:01.000,8.8257811,47.2919202,591.6,3,A,7,2021-05-26 00:15:09.000,4001,3961,-17,0.01,0.00,0.52,5.12,2.3,6,0.00,,,,,,,,13
2081485686,9221,2021-05-26 00:30:01.000,8.8257615,47.2918901,579.2,3,A,9,2021-05-26 00:30:11.000,3999,3957,-17,0.05,0.00,0.75,9.22,2.1,6,0.00,,,,,,,,13
3707681289,9221,2021-05-26 00:45:01.000,8.8257836,47.2919582,587.1,3,A,8,2021-05-26 00:45:10.000,3999,3961,-17,0.05,0.00,0.53,6.66,3.3,5,0.00,,,,,,,,13
0016589704,9221,2021-05-26 01:00:01.000,8.8257653,47.2919089,583.0,3,A,5,2021-05-26 01:00:07.000,3999,3958,-16,0.28,177.60,0.68,11.52,3.1,5,0.00,,,,,,,,13
1707818368,9221,2021-05-26 01:15:01.000,8.8257480,47.2919380,571.6,3,A,7,2021-05-26 01:15:09.000,3999,3961,-16,0.03,0.00,0.56,9.47,3.0,5,0.00,,,,,,,,13
1684235348,9221,2021-05-26 01:30:01.000,8.8257645,47.2919733,592.0,3,A,9,2021-05-26 01:30:11.000,3999,3963,-15,0.25,354.55,1.72,14.08,8.0,4,0.00,,,,,,,,13
3360034725,9221,2021-05-26 01:45:01.000,8.8257608,47.2919602,586.7,3,A,6,2021-05-26 01:45:08.000,3999,3961,-15,0.16,0.00,1.19,12.29,5.8,4,0.00,,,,,,,,13
2454842212,9221,2021-05-26 02:00:01.000,8.8257657,47.2919426,578.2,3,A,7,2021-05-26 02:00:09.000,3996,3962,-14,0.02,0.00,0.97,13.31,5.0,4,0.00,,,,,,,,13
2627707912,9221,2021-05-26 02:15:01.000,8.8257105,47.2920025,597.8,3,A,7,2021-05-26 02:15:09.000,3999,3961,-14,0.04,0.00,0.86,10.24,4.7,4,0.00,,,,,,,,13
3051389454,9221,2021-05-26 02:30:01.000,8.8257652,47.2919675,550.4,3,A,7,2021-05-26 02:30:09.000,3996,3963,-14,0.04,0.00,0.93,7.17,4.6,4,0.00,,,,,,,,13
0222028810,9221,2021-05-26 02:45:00.000,8.8257768,47.2919316,589.3,3,A,21,2021-05-26 02:45:22.999,3999,3961,-14,0.03,0.00,0.58,3.58,2.3,8,0.00,,,,,,,,13
2305827540,9221,2021-05-26 03:00:02.000,8.8257974,47.2919268,586.4,3,A,8,2021-05-26 03:00:11.000,3996,3956,-14,0.03,0.00,0.66,5.12,2.6,8,0.00,,,,,,,,13
3356814197,9221,2021-05-26 03:15:01.000,8.8258205,47.2918835,590.7,3,A,6,2021-05-26 03:15:08.000,3996,3962,-14,0.10,0.00,0.72,6.14,2.8,8,0.00,,,,,,,,13
1505071875,9221,2021-05-26 03:30:01.000,8.8257777,47.2918633,592.7,3,A,5,2021-05-26 03:30:07.000,3994,3963,-13,0.07,99.61,0.70,8.45,2.7,8,0.00,,,,,,,,13
1139851300,9221,2021-05-26 03:45:01.000,8.8257755,47.2918962,575.9,3,A,5,2021-05-26 03:45:07.000,3996,3966,-13,0.14,0.00,0.70,9.98,2.6,7,0.00,,,,,,,,13
3473704669,9221,2021-05-26 04:00:01.000,8.8257588,47.2918781,585.3,3,A,8,2021-05-26 04:00:10.000,3999,3966,-13,0.15,0.00,1.00,9.98,4.2,6,0.00,,,,,,,,13
2452256064,9221,2021-05-26 04:15:02.000,8.8257629,47.2918920,572.3,3,A,7,2021-05-26 04:15:10.000,3996,3963,-12,0.30,0.00,1.60,13.57,8.6,5,0.00,,,,,,,,13
1920464894,9221,2021-05-26 04:30:02.000,8.8259122,47.2918352,584.3,3,A,7,2021-05-26 04:30:10.000,3999,3962,-11,0.20,274.60,1.46,16.13,7.0,5,0.00,,,,,,,,13
2915358517,9221,2021-05-26 04:45:02.000,8.8259092,47.2918775,591.8,3,A,8,2021-05-26 04:45:11.000,3999,3974,-10,0.10,0.00,1.25,15.62,5.7,5,0.00,,,,,,,,13
4289236740,9221,2021-05-26 05:00:01.000,8.8261155,47.2918721,632.5,3,A,8,2021-05-26 05:00:10.000,3999,3966,-9,0.19,0.00,1.29,20.99,5.3,5,0.00,,,,,,,,13
1342141064,9221,2021-05-26 05:15:02.000,8.8262112,47.2918307,645.6,3,A,8,2021-05-26 05:15:11.000,4003,3963,-8,0.64,109.45,2.69,48.90,13.7,4,0.00,,,,,,,,13
4282717519,9221,2021-05-26 05:30:01.000,8.8272971,47.2915083,720.2,3,A,16,2021-05-26 05:30:18.000,4003,3966,-7,0.44,106.82,3.05,63.74,19.1,4,0.00,,,,,,,,13
4232921116,9221,2021-05-26 05:45:02.000,8.8251499,47.2921049,554.2,3,A,14,2021-05-26 05:45:17.000,4003,3974,-5,1.12,111.41,3.22,81.41,13.7,4,0.00,,,,,,,,13
2905742785,9221,2021-05-26 06:00:01.000,8.8256897,47.2920421,593.3,3,A,19,2021-05-26 06:00:21.000,4003,3977,-3,0.01,110.76,0.48,11.78,2.0,6,0.00,,,,,,,,13
3300721925,9221,2021-05-26 06:15:01.000,8.8257918,47.2919923,601.4,3,A,21,2021-05-26 06:15:23.000,4003,3979,-1,0.03,0.00,0.75,5.38,3.7,5,0.00,,,,,,,,13
3142357839,9221,2021-05-26 06:30:01.000,8.8258153,47.2919804,598.1,3,A,8,2021-05-26 06:30:10.000,4003,3977,0,0.10,0.00,0.82,5.63,3.9,5,0.00,,,,,,,,13
1272146419,9221,2021-05-26 06:45:02.000,8.8258272,47.2920403,602.4,3,A,8,2021-05-26 06:45:11.000,3999,3979,6,0.04,0.00,0.85,7.94,3.8,5,0.00,,,,,,,,13
3090790734,9221,2021-05-26 07:00:01.000,8.8258281,47.2920251,599.3,3,A,8,2021-05-26 07:00:10.000,3999,3980,11,0.02,0.00,0.76,7.68,3.4,5,0.00,,,,,,,,13
0136264854,9221,2021-05-26 07:15:02.000,8.8258502,47.2920118,590.3,3,A,9,2021-05-26 07:15:12.000,3999,3979,8,0.09,0.00,0.65,9.73,2.8,5,0.00,,,,,,,,13
1407514002,9221,2021-05-26 07:30:02.000,8.8258798,47.2920088,564.3,3,A,9,2021-05-26 07:30:12.000,3989,3979,18,0.26,0.00,1.27,13.06,2.4,5,0.00,,,,,,,,13
1996971213,9221,2021-05-26 07:45:02.000,8.8258679,47.2920502,571.9,3,A,9,2021-05-26 07:45:12.000,3994,3979,16,0.22,212.99,1.70,19.71,8.5,4,0.00,,,,,,,,13
3619997944,9221,2021-05-26 08:00:02.000,8.8258470,47.2921086,558.5,3,A,9,2021-05-26 08:00:12.000,3989,3980,22,0.43,209.72,1.69,16.38,8.0,4,0.00,,,,,,,,13
1004259586,9221,2021-05-26 08:15:02.000,8.8258263,47.2921260,553.6,3,A,10,2021-05-26 08:15:13.000,3991,3984,19,0.24,351.27,1.47,16.90,7.4,4,0.00,,,,,,,,13
0426340740,9221,2021-05-26 08:30:01.000,8.8257826,47.2922112,554.4,3,A,8,2021-05-26 08:30:10.000,3989,3984,22,0.25,159.25,1.48,20.99,7.0,4,0.00,,,,,,,,13
1033700736,9221,2021-05-26 08:45:02.000,8.8258662,47.2917446,599.7,3,A,12,2021-05-26 08:45:15.000,3989,3979,24,0.71,56.36,3.27,41.73,6.8,4,0.00,,,,,,,,13
1170270424,9221,2021-05-26 09:00:01.000,8.8257878,47.2919440,580.6,3,A,21,2021-05-26 09:00:23.000,3989,3984,21,0.18,0.00,0.99,7.68,2.2,6,0.00,,,,,,,,13
1367104624,9221,2021-05-26 09:15:01.000,8.8257264,47.2918376,569.0,3,A,8,2021-05-26 09:15:10.000,3989,3975,21,0.15,0.00,0.97,9.98,4.2,5,0.00,,,,,,,,13
3254363160,9221,2021-05-26 09:30:02.000,8.8258275,47.2920102,590.0,3,A,9,2021-05-26 09:30:12.000,3981,3966,28,0.09,197.92,0.83,13.31,3.7,5,0.00,,,,,,,,13
2785165268,9221,2021-05-26 09:45:02.000,8.8258028,47.2919418,592.3,3,A,12,2021-05-26 09:45:14.000,3989,3974,21,0.02,0.00,0.75,11.01,3.2,5,0.00,,,,,,,,13
2863754506,9221,2021-05-26 10:00:02.000,8.8257544,47.2919799,586.7,3,A,10,2021-05-26 10:00:12.000,3996,3974,11,0.06,0.00,0.59,14.34,2.7,5,0.00,,,,,,,,13
3461157241,9221,2021-05-26 10:15:02.000,8.8257975,47.2919826,590.1,3,A,8,2021-05-26 10:15:11.000,3999,3977,8,0.27,0.00,1.12,20.48,2.4,5,0.00,,,,,,,,13
3633225947,9221,2021-05-26 10:30:01.000,8.8258014,47.2919079,589.6,3,A,21,2021-05-26 10:30:23.000,3999,3979,9,0.01,0.00,0.53,5.38,2.8,7,0.00,,,,,,,,13
3085417505,9221,2021-05-26 10:45:01.000,8.8258012,47.2919061,589.8,3,A,5,2021-05-26 10:45:07.000,3999,3984,9,0.22,0.00,0.82,5.89,3.2,7,0.00,,,,,,,,13
3831491924,9221,2021-05-26 11:00:01.000,8.8258507,47.2918747,595.2,3,A,8,2021-05-26 11:00:10.000,3999,3974,6,0.03,0.00,0.81,6.66,3.0,7,0.00,,,,,,,,13
1312794775,9221,2021-05-26 11:15:02.000,8.8258110,47.2919090,582.0,3,A,8,2021-05-26 11:15:11.000,3999,3981,5,0.05,0.00,0.72,6.14,2.7,7,0.00,,,,,,,,13
2531599064,9221,2021-05-26 11:30:01.000,8.8258109,47.2918973,578.4,3,A,6,2021-05-26 11:30:07.000,3999,3974,6,0.32,124.52,0.65,7.94,2.4,7,0.00,,,,,,,,13
2154679791,9221,2021-05-26 11:45:01.000,8.8258058,47.2919371,581.7,3,A,6,2021-05-26 11:45:08.000,3999,3984,7,0.16,117.96,0.63,8.96,2.2,7,0.00,,,,,,,,13
3427018224,9221,2021-05-26 12:00:02.000,8.8258579,47.2919099,587.3,3,A,6,2021-05-26 12:00:09.000,3999,3981,6,0.26,130.42,0.93,14.59,2.6,6,0.00,,,,,,,,13
0601333135,9221,2021-05-26 12:15:01.000,8.8259788,47.2919975,611.5,3,A,8,2021-05-26 12:15:10.000,3999,3974,7,0.14,0.00,1.10,16.38,4.6,5,0.00,,,,,,,,13
2025305504,9221,2021-05-26 12:30:02.000,8.8259149,47.2919381,594.9,3,A,8,2021-05-26 12:30:11.000,3999,3979,7,0.11,0.00,0.96,17.66,3.6,5,0.00,,,,,,,,13
2319348227,9221,2021-05-26 12:45:01.000,8.8258690,47.2919476,591.7,3,A,9,2021-05-26 12:45:11.000,3999,3980,5,0.56,0.00,1.05,21.50,4.1,4,0.00,,,,,,,,13
1859731705,9221,2021-05-26 13:00:01.000,8.8258242,47.2919488,591.7,3,A,21,2021-05-26 13:00:23.000,3999,3979,8,0.01,0.00,0.63,5.12,2.5,7,0.00,,,,,,,,13
0432527087,9221,2021-05-26 13:15:01.000,8.8258904,47.2919417,615.5,3,A,9,2021-05-26 13:15:10.000,3999,3984,5,0.04,0.00,1.19,5.63,5.7,6,0.00,,,,,,,,13
2740060616,9221,2021-05-26 13:30:02.000,8.8258818,47.2919678,614.0,3,A,9,2021-05-26 13:30:12.000,4003,3974,4,0.10,0.00,1.28,7.42,5.5,6,0.00,,,,,,,,13
2332911866,9221,2021-05-26 13:45:02.000,8.8258359,47.2919649,594.0,3,A,9,2021-05-26 13:45:12.000,4001,3974,4,0.10,0.00,0.99,7.94,4.0,6,0.00,,,,,,,,13
2019750678,9221,2021-05-26 14:00:02.000,8.8257149,47.2919065,571.2,3,A,5,2021-05-26 14:00:08.000,4001,3984,4,0.28,0.00,1.02,10.75,4.5,5,0.00,,,,,,,,13
1571551589,9221,2021-05-26 14:15:02.000,8.8257685,47.2919492,585.5,3,A,9,2021-05-26 14:15:12.000,4003,3974,3,0.06,0.00,0.90,10.24,3.9,5,0.00,,,,,,,,13
3855654826,9221,2021-05-26 14:30:02.000,8.8257408,47.2919314,582.9,3,A,7,2021-05-26 14:30:10.000,3999,3979,4,0.47,111.41,1.13,17.15,4.4,5,0.00,,,,,,,,13
0013422032,9221,2021-05-26 14:45:02.000,8.8256522,47.2920116,579.0,3,A,9,2021-05-26 14:45:11.000,4001,3980,3,0.37,111.41,1.38,20.22,5.6,5,0.00,,,,,,,,13
3341438092,9221,2021-05-26 15:00:01.000,8.8256539,47.2920182,586.0,3,A,7,2021-05-26 15:00:09.000,4001,3979,3,1.78,119.28,2.60,33.79,11.1,4,0.00,,,,,,,,13
0863741867,9221,2021-05-26 15:15:01.000,8.8257792,47.2920012,583.7,3,A,18,2021-05-26 15:15:20.000,4003,3984,3,0.02,116.65,0.57,7.17,2.2,6,0.00,,,,,,,,13
1321971671,9221,2021-05-26 15:30:02.000,8.8234254,47.2929751,617.3,3,A,62,2021-05-26 15:31:05.000,3996,3968,6,0.33,309.33,2.45,24.58,4.2,5,0.00,,,,,,,,13
4239506232,9221,2021-05-26 15:45:01.000,8.8752731,47.2982936,861.4,3,A,50,2021-05-26 15:45:52.000,3994,3969,6,0.19,104.20,1.18,24.83,2.3,5,0.00,,,,,,,,13
1450475180,9221,2021-05-26 16:00:02.000,8.8752226,47.2982852,874.2,3,A,26,2021-05-26 16:00:29.000,3994,3969,7,0.11,0.00,1.29,16.13,3.5,5,0.00,,,,,,,,13
1462003763,9221,2021-05-26 16:15:01.000,8.8752445,47.2983150,866.5,3,A,27,2021-05-26 16:15:29.000,3994,3969,8,0.29,0.00,1.24,22.27,4.7,5,0.00,,,,,,,,13
1595829192,9221,2021-05-26 16:30:01.000,8.8752435,47.2983725,841.3,3,A,34,2021-05-26 16:30:36.000,3989,3961,8,0.41,0.00,1.34,23.04,4.5,5,0.00,,,,,,,,13
0186820109,9221,2021-05-26 16:45:02.000,8.8750824,47.2982068,865.1,3,A,30,2021-05-26 16:45:33.000,3989,3966,8,0.03,0.00,1.39,36.61,4.6,5,0.00,,,,,,,,13
2562779498,9221,2021-05-26 17:00:01.000,8.8754133,47.2983904,882.5,3,A,21,2021-05-26 17:00:23.000,3986,3957,8,0.11,239.86,1.25,48.13,4.8,5,0.00,,,,,,,,13
1964308008,9221,2021-05-26 17:15:01.000,8.8314670,47.2975327,596.1,3,A,138,2021-05-26 17:17:19.000,3986,3956,8,18.21,260.83,1.99,58.37,4.6,4,0.00,,,,,,,,13
3562839505,9221,2021-05-26 17:30:00.000,,,,0,D,150,,3981,3951,8,,,,,,,0.00,,,,,,,,13
0080485273,9221,2021-05-26 17:45:00.000,,,,0,D,150,,3979,3942,7,,,,,,,0.00,,,,,,,,13
0943561559,9221,2021-05-26 18:00:00.000,,,,0,D,150,,3977,3939,7,,,,,,,0.00,,,,,,,,13
2113479677,9221,2021-05-26 18:15:00.000,,,,0,D,150,,3974,3939,7,,,,,,,0.00,,,,,,,,13
3104417573,9221,2021-05-26 18:30:00.000,,,,0,D,150,,3974,3936,7,,,,,,,0.00,,,,,,,,13
4213583457,9221,2021-05-26 18:45:00.000,,,,0,D,154,,3966,3929,7,,,,,,,0.00,,,,,,,,13
0843493267,9221,2021-05-26 19:00:01.000,,,,0,D,150,,3966,3927,7,,,,,,,0.00,,,,,,,,13
1796551067,9221,2021-05-26 19:15:00.000,,,,0,D,150,,3963,3924,7,,,,,,,0.00,,,,,,,,13
2768549037,9221,2021-05-26 19:30:00.000,,,,0,D,150,,3958,3922,7,,,,,,,0.00,,,,,,,,13
3757127625,9221,2021-05-26 19:45:00.000,,,,0,D,150,,3956,3919,7,,,,,,,0.00,,,,,,,,13
0596229963,9221,2021-05-26 20:00:00.000,,,,0,D,151,,3956,3917,7,,,,,,,0.00,,,,,,,,13
1244018823,9221,2021-05-26 20:15:00.000,,,,0,D,150,,3948,3911,7,,,,,,,0.00,,,,,,,,13
2251930801,9221,2021-05-26 20:30:00.000,,,,0,D,150,,3946,3908,7,,,,,,,0.00,,,,,,,,13
3349431073,9221,2021-05-26 20:45:00.000,,,,0,D,150,,3941,3911,6,,,,,,,0.00,,,,,,,,13
4197106157,9221,2021-05-26 21:00:00.000,,,,0,D,150,,3941,3901,6,,,,,,,0.00,,,,,,,,13
1068386925,9221,2021-05-26 21:15:00.000,,,,0,D,151,,3936,3898,7,,,,,,,0.00,,,,,,,,13
2204750343,9221,2021-05-26 21:30:00.000,,,,0,D,150,,3936,3898,7,,,,,,,0.00,,,,,,,,13
3211679283,9221,2021-05-26 21:45:00.000,,,,0,D,150,,3931,3898,7,,,,,,,0.00,,,,,,,,13
4165720121,9221,2021-05-26 22:00:00.000,,,,0,D,150,,3929,3891,7,,,,,,,0.00,,,,,,,,13
0932797845,9221,2021-05-26 22:15:00.000,,,,0,D,150,,3927,3889,7,,,,,,,0.00,,,,,,,,13
2137843519,9221,2021-05-26 22:30:00.000,,,,0,D,151,,3924,3891,7,,,,,,,0.00,,,,,,,,13
3164695435,9221,2021-05-26 22:45:00.000,,,,0,D,150,,3922,3884,8,,,,,,,0.00,,,,,,,,13
3829458365,9221,2021-05-26 23:00:00.000,,,,0,D,150,,3917,3875,7,,,,,,,0.00,,,,,,,,13
0560228861,9221,2021-05-26 23:15:00.000,,,,0,D,150,,3914,3874,7,,,,,,,0.00,,,,,,,,13
1587080765,9221,2021-05-26 23:30:00.000,,,,0,D,150,,3913,3872,7,,,,,,,0.00,,,,,,,,13
2647290759,9221,2021-05-26 23:45:00.000,,,,0,D,151,,3908,3865,8,,,,,,,0.00,,,,,,,,13
3546674283,9221,2021-05-27 00:00:00.000,,,,0,D,150,,3903,3867,7,,,,,,,0.00,,,,,,,,13
0115242031,9221,2021-05-27 00:15:00.000,,,,0,D,150,,3901,3859,7,,,,,,,0.00,,,,,,,,13
0887943349,9221,2021-05-27 00:30:00.000,,,,0,D,150,,3894,3856,7,,,,,,,0.00,,,,,,,,13
1587637239,9221,2021-05-27 00:45:00.000,,,,0,D,150,,3889,3846,7,,,,,,,0.00,,,,,,,,13
2812212679,9221,2021-05-27 01:00:00.000,,,,0,D,151,,3889,3846,7,,,,,,,0.00,,,,,,,,13
3439488723,9221,2021-05-27 01:15:00.000,,,,0,D,150,,3879,3841,7,,,,,,,0.00,,,,,,,,13
0135328259,9221,2021-05-27 01:30:00.000,,,,0,D,150,,3879,3836,7,,,,,,,0.00,,,,,,,,13
1105163521,9221,2021-05-27 01:45:00.000,,,,0,D,150,,3872,3836,7,,,,,,,0.00,,,,,,,,13
1951069125,9221,2021-05-27 02:00:00.000,,,,0,D,150,,3869,3831,7,,,,,,,0.00,,,,,,,,13
3083696955,9221,2021-05-27 02:15:00.000,,,,0,D,151,,3864,3831,7,,,,,,,0.00,,,,,,,,13
3983866919,9221,2021-05-27 02:30:00.000,,,,0,D,150,,3862,3826,7,,,,,,,0.00,,,,,,,,13
0643595829,9221,2021-05-27 02:45:00.000,,,,0,D,150,,3859,3822,7,,,,,,,0.00,,,,,,,,13
1884883206,9221,2021-05-27 03:00:00.000,,,,0,D,150,,3856,3826,7,,,,,,,0.00,,,,,,,,13
2983104380,9221,2021-05-27 03:15:00.000,,,,0,D,150,,3856,3822,8,,,,,,,0.00,,,,,,,,13
3972600481,9221,2021-05-27 03:30:00.000,,,,0,D,151,,3853,3817,7,,,,,,,0.00,,,,,,,,13
0686266066,9221,2021-05-27 03:45:00.000,,,,0,D,150,,3851,3814,7,,,,,,,0.00,,,,,,,,13
1675762167,9221,2021-05-27 04:00:00.000,,,,0,D,150,,3846,3812,7,,,,,,,0.00,,,,,,,,13
2702679608,9221,2021-05-27 04:15:00.000,,,,0,D,150,,3843,3807,7,,,,,,,0.00,,,,,,,,13
3728876157,9221,2021-05-27 04:30:00.000,,,,0,D,150,,3842,3804,7,,,,,,,0.00,,,,,,,,13
0926594282,9221,2021-05-27 04:45:00.000,,,,0,D,151,,3841,3812,8,,,,,,,0.00,,,,,,,,13
1647915111,9221,2021-05-27 05:00:01.000,,,,0,D,150,,3837,3802,7,,,,,,,0.00,,,,,,,,13
2602611316,9221,2021-05-27 05:15:01.000,,,,0,D,150,,3836,3798,7,,,,,,,0.00,,,,,,,,13
3899735677,9221,2021-05-27 05:30:01.000,,,,0,D,150,,3834,3802,7,,,,,,,0.00,,,,,,,,13
0503693138,9221,2021-05-27 05:45:01.000,,,,0,D,150,,3831,3796,8,,,,,,,0.00,,,,,,,,13
1744587295,9221,2021-05-27 06:00:01.000,,,,0,D,151,,3829,3796,8,,,,,,,0.00,,,,,,,,13
2771897956,9221,2021-05-27 06:15:00.000,,,,0,D,150,,3826,3793,8,,,,,,,0.00,,,,,,,,13
4179123661,9221,2021-05-27 06:30:00.000,,,,0,D,150,,3831,3793,8,,,,,,,0.00,,,,,,,,13
0602528032,9221,2021-05-27 06:45:00.000,,,,0,D,150,,3823,3789,7,,,,,,,0.00,,,,,,,,13
1843815409,9221,2021-05-27 07:00:00.000,,,,0,D,150,,3822,3789,8,,,,,,,0.00,,,,,,,,13
2942954086,9221,2021-05-27 07:15:00.000,,,,0,D,151,,3822,3785,7,,,,,,,0.00,,,,,,,,13
4186600783,9221,2021-05-27 07:30:01.000,,,,0,D,150,,3822,3784,8,,,,,,,0.00,,,,,,,,13
1045888244,9221,2021-05-27 07:45:01.000,,,,0,D,150,,3822,3784,8,,,,,,,0.00,,,,,,,,13
1657178248,9221,2021-05-27 08:00:02.000,8.7557295,47.2464165,558.4,3,A,110,2021-05-27 08:01:53.000,3829,3789,-3,0.07,0.00,1.51,34.30,11.7,4,0.00,,,,,,,,13
3705772991,9221,2021-05-27 08:15:01.000,8.7555584,47.2465386,521.4,3,A,13,2021-05-27 08:15:14.000,3826,3793,-4,0.33,0.00,2.58,35.33,10.3,4,0.00,,,,,,,,13
2858032589,9221,2021-05-27 08:30:02.000,8.7555972,47.2465382,538.3,3,A,23,2021-05-27 08:30:26.000,3831,3793,-4,0.99,117.31,2.29,43.01,7.4,4,0.00,,,,,,,,13
2888518978,9221,2021-05-27 08:45:02.000,8.7557879,47.2463286,551.3,3,A,38,2021-05-27 08:45:41.000,3831,3798,-5,0.66,0.00,1.75,37.38,6.3,4,0.00,,,,,,,,13
0762450213,9221,2021-05-27 09:00:01.000,8.7557966,47.2463486,561.0,3,A,30,2021-05-27 09:00:32.000,3831,3804,-4,0.32,135.66,1.08,31.49,6.0,4,0.00,,,,,,,,13
2575165007,9221,2021-05-27 09:15:02.000,8.7557280,47.2462413,545.5,3,A,115,2021-05-27 09:16:58.000,3836,3802,-2,0.41,283.12,2.29,43.26,6.3,4,0.00,,,,,,,,13
0239049363,9221,2021-05-27 09:30:02.000,8.7558407,47.2463914,591.7,3,A,72,2021-05-27 09:31:15.000,3836,3807,-1,0.71,186.78,3.12,64.00,6.8,4,0.00,,,,,,,,13
3895584246,9221,2021-05-27 09:45:01.000,8.7557324,47.2464192,568.2,3,A,51,2021-05-27 09:45:53.000,3831,3802,-4,0.14,0.00,2.46,40.45,12.0,4,0.00,,,,,,,,13
0801158330,9221,2021-05-27 10:00:01.000,8.7557009,47.2464336,564.4,3,A,44,2021-05-27 10:00:46.000,3841,3807,-2,0.06,0.00,2.54,29.95,3.5,5,0.00,,,,,,,,13
0242106137,9221,2021-05-27 10:15:02.000,8.7557054,47.2464680,544.0,3,A,69,2021-05-27 10:16:12.000,3836,3802,-2,0.12,176.29,2.69,20.74,3.3,5,0.00,,,,,,,,13
1087886421,9221,2021-05-27 10:30:02.000,8.7557374,47.2464370,551.5,3,A,73,2021-05-27 10:31:16.000,3843,3812,0,0.17,313.92,2.78,13.82,8.5,4,0.00,,,,,,,,13
0898989482,9221,2021-05-27 10:45:01.000,8.7557533,47.2463916,556.3,3,A,52,2021-05-27 10:45:54.999,3843,3814,-2,0.11,0.00,2.81,16.38,5.6,4,0.00,,,,,,,,13
2341219241,9221,2021-05-27 11:00:03.000,8.7556847,47.2464964,573.8,3,A,32,2021-05-27 11:00:36.000,3846,3822,3,0.03,0.00,1.05,22.53,4.4,4,0.00,,,,,,,,13
0150410365,9221,2021-05-27 11:15:02.000,8.7556648,47.2464128,547.0,3,A,17,2021-05-27 11:15:20.000,3852,3824,1,0.05,0.00,1.07,15.36,3.5,5,0.00,,,,,,,,13
4191103796,9221,2021-05-27 11:30:02.000,8.7557162,47.2464442,557.9,3,A,20,2021-05-27 11:30:23.000,3856,3826,5,0.21,0.00,0.92,15.87,3.7,5,0.00,,,,,,,,13
0067759796,9221,2021-05-27 11:45:01.000,8.7557000,47.2464577,552.7,3,A,21,2021-05-27 11:45:23.000,3862,3841,5,0.06,0.00,0.64,14.34,2.8,5,0.00,,,,,,,,13
0876056997,9221,2021-05-27 12:00:01.000,8.7556838,47.2464448,541.6,3,A,21,2021-05-27 12:00:23.000,3881,3841,14,0.08,0.00,0.91,18.18,2.9,5,0.00,,,,,,,,13
0788602322,9221,2021-05-27 12:15:01.000,8.7556665,47.2465096,554.9,3,A,26,2021-05-27 12:15:28.000,3884,3853,17,0.39,0.00,1.61,19.46,3.3,5,0.00,,,,,,,,13
3666542852,9221,2021-05-27 12:30:02.000,8.7557009,47.2464362,558.1,3,A,23,2021-05-27 12:30:26.000,3901,3864,20,0.30,0.00,0.77,8.70,3.7,5,0.00,,,,,,,,13
3513460769,9221,2021-05-27 12:45:02.000,8.7556235,47.2464958,540.9,3,A,44,2021-05-27 12:45:47.000,3911,3884,23,0.23,0.00,1.59,11.01,5.7,5,0.00,,,,,,,,13
3311129258,9221,2021-05-27 12:59:59.000,8.7556572,47.2464888,551.1,3,A,13,2021-05-27 13:00:14.000,3913,3898,30,0.15,0.00,3.04,29.18,6.0,5,0.00,,,,,,,,13
3521101708,9221,2021-05-27 13:15:02.000,8.7549113,47.2466448,403.9,3,A,20,2021-05-27 13:15:22.000,3936,3913,11,0.20,0.00,2.84,31.49,17.6,4,0.00,,,,,,,,13
2235776668,9221,2021-05-27 13:30:02.000,8.7556973,47.2464460,565.2,3,A,29,2021-05-27 13:30:32.000,3944,3922,9,0.29,0.00,1.63,17.92,6.9,4,0.00,,,,,,,,13
0828383638,9221,2021-05-27 13:45:02.000,8.7556410,47.2464626,543.6,3,A,12,2021-05-27 13:45:15.000,3948,3927,9,0.24,0.00,2.03,17.92,4.9,4,0.00,,,,,,,,13
0367087682,9221,2021-05-27 14:00:01.000,8.7557484,47.2463840,548.4,3,A,13,2021-05-27 14:00:15.000,3951,3923,8,1.00,144.83,2.94,37.38,4.9,4,0.00,,,,,,,,13
0324035873,9221,2021-05-27 14:15:01.000,8.7556771,47.2464370,548.3,3,A,21,2021-05-27 14:15:23.000,3957,3936,6,0.12,0.00,1.16,12.54,4.5,5,0.00,,,,,,,,13
2952041857,9221,2021-05-27 14:30:01.000,8.7557062,47.2464450,546.6,3,A,21,2021-05-27 14:30:23.000,3958,3936,7,0.08,0.00,0.56,12.80,4.9,5,0.00,,,,,,,,13
3586832432,9221,2021-05-27 14:45:01.000,8.7557244,47.2464514,545.1,3,A,19,2021-05-27 14:45:21.000,3961,3939,4,0.14,0.00,0.71,11.52,3.0,5,0.00,,,,,,,,13
0102167114,9221,2021-05-27 15:00:01.000,8.7556937,47.2464402,548.0,3,A,18,2021-05-27 15:00:20.000,3974,3946,5,0.12,0.00,1.05,11.52,2.9,5,0.00,,,,,,,,13
0857683475,9221,2021-05-27 15:15:02.000,8.7557029,47.2464398,551.4,3,A,16,2021-05-27 15:15:19.000,3974,3941,6,0.17,0.00,0.79,7.17,2.8,5,0.00,,,,,,,,13
1475885663,9221,2021-05-27 15:30:01.000,8.7557394,47.2464314,551.1,3,A,12,2021-05-27 15:30:13.000,3974,3948,5,0.08,0.00,0.81,7.94,2.8,5,0.00,,,,,,,,13
0914569885,9221,2021-05-27 15:45:01.000,8.7556835,47.2464650,555.3,3,A,39,2021-05-27 15:45:41.000,3974,3948,4,0.07,318.50,0.86,8.96,3.8,4,0.00,,,,,,,,13
4169365794,9221,2021-05-27 16:00:01.000,8.7556784,47.2464531,558.7,3,A,10,2021-05-27 16:00:12.000,3979,3956,4,0.16,0.00,0.73,8.70,3.9,4,0.00,,,,,,,,13
1845935809,9221,2021-05-27 16:15:02.000,8.7557248,47.2464368,563.4,3,A,6,2021-05-27 16:15:09.000,3977,3956,4,0.09,0.00,0.85,8.19,4.4,4,0.00,,,,,,,,13
3476631708,9221,2021-05-27 16:30:01.000,8.7557634,47.2464877,566.1,3,A,12,2021-05-27 16:30:14.000,3979,3956,1,0.04,0.00,0.68,13.06,5.2,4,0.00,,,,,,,,13
2195534946,9221,2021-05-27 16:45:02.000,8.7557952,47.2464473,570.8,3,A,11,2021-05-27 16:45:14.000,3980,3956,3,0.95,205.78,2.15,22.27,6.5,4,0.00,,,,,,,,13
4149816675,9221,2021-05-27 17:00:02.000,8.7558725,47.2463856,577.2,3,A,11,2021-05-27 17:00:14.000,3984,3956,-1,0.24,0.00,1.68,27.39,8.5,4,0.00,,,,,,,,13
1227473493,9221,2021-05-27 17:15:02.000,8.7558071,47.2464267,562.9,3,A,20,2021-05-27 17:15:23.000,3984,3961,-2,0.11,0.00,1.33,8.45,5.0,5,0.00,,,,,,,,13
0284899632,9221,2021-05-27 17:30:01.000,8.7558494,47.2464755,554.1,3,A,10,2021-05-27 17:30:12.000,3984,3956,-3,0.37,0.00,1.33,13.82,5.3,5,0.00,,,,,,,,13
1655003990,9221,2021-05-27 17:45:02.000,8.7558034,47.2464202,560.9,3,A,9,2021-05-27 17:45:12.000,3984,3956,-5,0.27,0.00,2.32,19.46,17.6,4,0.00,,,,,,,,13
1644277882,9221,2021-05-27 18:00:02.000,8.7556523,47.2464669,547.2,3,A,48,2021-05-27 18:00:51.000,3984,3956,-6,0.01,12.45,1.14,12.29,6.3,5,0.00,,,,,,,,13
2367021320,9221,2021-05-27 18:15:01.000,8.7557046,47.2465231,535.2,3,A,7,2021-05-27 18:15:09.000,3984,3958,-6,0.14,0.00,1.07,13.31,6.0,5,0.00,,,,,,,,13
2797934080,9221,2021-05-27 18:30:01.000,8.7556754,47.2464662,535.3,3,A,8,2021-05-27 18:30:09.000,3984,3958,-6,0.14,0.00,1.19,11.26,6.0,5,0.00,,,,,,,,13
2423632863,9221,2021-05-27 18:45:01.000,8.7556631,47.2464008,567.5,3,A,7,2021-05-27 18:45:09.000,3984,3956,-7,0.15,0.00,1.64,8.96,6.1,5,0.00,,,,,,,,13
3463998660,9221,2021-05-27 19:00:01.000,8.7557133,47.2463979,568.7,3,A,10,2021-05-27 19:00:12.000,3984,3951,-8,0.12,0.00,1.19,10.75,6.0,5,0.00,,,,,,,,13
0604053846,9221,2021-05-27 19:15:01.000,8.7557285,47.2464979,551.6,3,A,9,2021-05-27 19:15:11.000,3984,3946,-8,0.15,0.00,1.28,13.82,5.7,5,0.00,,,,,,,,13
2282608169,9221,2021-05-27 19:30:01.000,8.7556915,47.2464394,548.6,3,A,6,2021-05-27 19:30:08.000,3984,3956,-9,0.28,0.00,1.29,16.13,5.5,5,0.00,,,,,,,,13
4223364091,9221,2021-05-27 19:45:01.000,8.7556740,47.2464575,558.9,3,A,15,2021-05-27 19:45:17.000,3984,3956,-9,0.05,0.00,1.29,15.62,5.2,5,0.00,,,,,,,,13
3420970589,9221,2021-05-27 20:00:01.000,8.7556768,47.2463964,564.4,3,A,21,2021-05-27 20:00:23.000,3984,3956,-8,0.04,0.00,0.67,5.89,3.2,7,0.00,,,,,,,,13
0337087004,9221,2021-05-27 20:15:01.000,8.7556887,47.2464307,560.4,3,A,8,2021-05-27 20:15:10.000,3979,3946,-8,0.16,155.32,0.81,9.73,3.1,7,0.00,,,,,,,,13
3052034490,9221,2021-05-27 20:30:01.000,8.7556549,47.2465933,548.4,3,A,6,2021-05-27 20:30:08.000,3979,3956,-8,0.26,169.08,0.92,15.36,3.3,7,0.00,,,,,,,,13
3825643458,9221,2021-05-27 20:45:01.000,8.7556312,47.2465977,546.2,3,A,6,2021-05-27 20:45:08.000,3979,3956,-8,0.62,162.53,1.19,23.81,4.6,5,0.00,,,,,,,,13
1201989239,9221,2021-05-27 21:00:01.000,8.7556601,47.2465249,550.5,3,A,7,2021-05-27 21:00:09.000,3979,3951,-8,0.44,163.18,1.15,20.48,4.0,6,0.00,,,,,,,,13
0674277836,9221,2021-05-27 21:15:01.000,8.7556445,47.2465692,544.4,3,A,15,2021-05-27 21:15:17.000,3979,3946,-8,0.17,0.00,1.58,22.53,6.5,4,0.00,,,,,,,,13
0503073476,9221,2021-05-27 21:30:01.000,8.7557299,47.2464674,553.2,3,A,21,2021-05-27 21:30:23.000,3979,3951,-8,0.17,0.00,0.98,20.48,3.7,4,0.00,,,,,,,,13
3398644819,9221,2021-05-27 21:45:01.000,8.7556828,47.2465893,555.0,3,A,17,2021-05-27 21:45:19.000,3979,3948,-9,0.12,357.83,1.46,25.60,3.6,4,0.00,,,,,,,,13
3651158242,9221,2021-05-27 22:00:01.000,8.7557480,47.2464421,546.8,3,A,20,2021-05-27 22:00:22.000,3979,3939,-9,0.02,0.00,0.80,10.24,2.6,6,0.00,,,,,,,,13
1822676500,9221,2021-05-27 22:15:01.000,8.7556902,47.2464406,541.7,3,A,11,2021-05-27 22:15:13.000,3979,3941,-10,0.03,190.71,0.86,8.96,4.0,5,0.00,,,,,,,,13
1994270247,9221,2021-05-27 22:30:01.000,8.7558170,47.2463804,552.6,3,A,15,2021-05-27 22:30:17.000,3979,3941,-10,0.05,0.00,0.68,7.94,3.9,5,0.00,,,,,,,,13
1513736648,9221,2021-05-27 22:45:01.000,8.7556675,47.2464546,564.0,3,A,10,2021-05-27 22:45:12.000,3979,3941,-11,0.24,114.03,0.87,13.06,3.4,5,0.00,,,,,,,,13
2743886509,9221,2021-05-27 23:00:01.000,8.7556277,47.2464868,578.3,3,A,8,2021-05-27 23:00:10.000,3979,3946,-12,0.08,0.00,1.15,11.78,3.0,5,0.00,,,,,,,,13
0922906213,9221,2021-05-27 23:15:01.000,8.7556486,47.2464700,558.6,3,A,10,2021-05-27 23:15:12.000,3979,3946,-12,0.02,0.00,1.20,15.87,5.1,4,0.00,,,,,,,,13
2835429861,9221,2021-05-27 23:30:01.000,8.7556570,47.2464472,560.6,3,A,8,2021-05-27 23:30:10.000,3979,3951,-12,0.09,0.00,1.06,15.36,4.7,4,0.00,,,,,,,,13
1489145340,9221,2021-05-27 23:45:01.000,8.7555974,47.2464006,579.0,3,A,14,2021-05-27 23:45:16.000,3979,3946,-12,0.18,195.30,1.30,22.27,5.2,4,0.00,,,,,,,,13
2833997470,9221,2021-05-28 00:00:01.000,8.7554626,47.2466738,537.6,3,A,21,2021-05-28 00:00:23.000,3979,3946,-12,0.14,131.73,1.98,31.23,8.7,4,0.00,,,,,,,,13
0396024650,9221,2021-05-28 00:15:01.000,8.7556344,47.2465756,551.8,3,A,16,2021-05-28 00:15:18.000,3977,3941,-12,0.07,311.95,1.98,43.01,6.8,4,0.00,,,,,,,,13
4121666059,9221,2021-05-28 00:30:01.000,8.7557382,47.2464395,551.7,3,A,27,2021-05-28 00:30:29.000,3979,3941,-12,1.16,332.27,3.09,37.12,4.4,4,0.00,,,,,,,,13
1890682724,9221,2021-05-28 00:45:01.000,8.7553997,47.2466802,550.2,3,A,26,2021-05-28 00:45:28.000,3974,3941,-12,0.46,319.82,3.41,38.14,4.2,4,0.00,,,,,,,,13
1128829793,9221,2021-05-28 01:00:01.000,8.7556143,47.2464559,539.2,3,A,43,2021-05-28 01:00:45.000,3974,3936,-12,0.12,285.08,0.95,18.94,3.1,6,0.00,,,,,,,,13
0943181413,9221,2021-05-28 01:15:01.000,8.7557326,47.2464348,551.2,3,A,10,2021-05-28 01:15:12.000,3977,3941,-12,0.14,0.00,0.89,9.22,4.0,5,0.00,,,,,,,,13
0877302787,9221,2021-05-28 01:30:00.000,8.7557354,47.2464159,550.4,3,A,9,2021-05-28 01:30:10.999,3974,3936,-13,0.07,0.00,0.90,8.45,3.9,5,0.00,,,,,,,,13
2474674650,9221,2021-05-28 01:45:02.000,8.7557094,47.2464262,551.0,3,A,8,2021-05-28 01:45:11.000,3974,3936,-13,0.05,0.00,0.91,7.94,3.7,5,0.00,,,,,,,,13
2374160234,9221,2021-05-28 02:00:01.000,8.7557507,47.2464124,545.9,3,A,5,2021-05-28 02:00:07.000,3974,3941,-13,0.07,0.00,2.11,7.42,3.6,5,0.00,,,,,,,,13
0750181685,9221,2021-05-28 02:15:01.000,8.7556814,47.2464830,566.8,3,A,9,2021-05-28 02:15:11.000,3974,3936,-13,0.03,0.00,2.89,20.99,19.4,4,0.00,,,,,,,,13
2537861655,9221,2021-05-28 02:30:01.000,8.7557586,47.2463653,541.9,3,A,10,2021-05-28 02:30:12.000,3974,3936,-13,0.25,0.00,2.70,30.98,15.8,4,0.00,,,,,,,,13
0638463563,9221,2021-05-28 02:45:01.000,8.7556500,47.2465136,559.9,3,A,8,2021-05-28 02:45:10.000,3974,3931,-13,0.34,138.94,3.14,46.85,12.8,4,0.00,,,,,,,,13
1538496846,9221,2021-05-28 03:00:01.000,8.7556403,47.2464478,563.1,3,A,11,2021-05-28 03:00:13.000,3974,3941,-13,0.86,135.00,2.83,48.38,11.1,4,0.00,,,,,,,,13
1686944183,9221,2021-05-28 03:15:01.000,8.7555584,47.2464028,585.8,3,A,10,2021-05-28 03:15:12.000,3974,3941,-13,0.38,303.43,3.35,56.58,9.8,4,0.00,,,,,,,,13
0693591863,9221,2021-05-28 03:30:01.000,8.7557067,47.2464469,558.8,3,A,18,2021-05-28 03:30:20.000,3974,3931,-13,0.02,306.05,0.59,11.01,1.8,7,0.00,,,,,,,,13
2605229677,9221,2021-05-28 03:45:01.000,8.7556834,47.2464308,563.9,3,A,8,2021-05-28 03:45:10.000,3974,3928,-13,0.04,0.00,0.41,6.91,1.7,7,0.00,,,,,,,,13
0070394480,9221,2021-05-28 04:00:01.000,8.7556890,47.2464300,556.4,3,A,8,2021-05-28 04:00:10.000,3974,3928,-13,0.07,0.00,0.68,8.70,2.6,6,0.00,,,,,,,,13
2068995373,9221,2021-05-28 04:15:02.000,8.7557193,47.2463822,551.0,3,A,20,2021-05-28 04:15:23.000,3974,3939,-13,0.08,0.00,0.93,17.41,4.5,4,0.00,,,,,,,,13
2326290045,9221,2021-05-28 04:30:01.000,8.7556658,47.2463635,555.4,3,A,8,2021-05-28 04:30:10.000,3974,3929,-12,0.06,0.00,0.95,16.38,4.7,4,0.00,,,,,,,,13
2036173634,9221,2021-05-28 04:45:02.000,8.7557449,47.2465153,548.0,3,A,8,2021-05-28 04:45:11.000,3974,3941,-11,0.07,0.00,0.92,23.30,6.3,4,0.00,,,,,,,,13
1881761855,9221,2021-05-28 05:00:01.000,8.7556325,47.2463761,550.7,3,A,18,2021-05-28 05:00:20.000,3974,3939,-11,0.01,203.82,0.86,8.70,3.4,5,0.00,,,,,,,,13
3369797848,9221,2021-05-28 05:15:02.000,8.7556894,47.2463469,567.4,3,A,8,2021-05-28 05:15:11.000,3974,3936,-10,0.30,0.00,1.96,37.63,8.3,4,0.00,,,,,,,,13
2684283879,9221,2021-05-28 05:30:01.000,8.7557148,47.2463870,553.8,3,A,20,2021-05-28 05:30:22.000,3974,3939,-10,0.51,0.00,1.74,27.90,3.4,5,0.00,,,,,,,,13
3337118974,9221,2021-05-28 05:45:02.000,8.7557605,47.2463710,554.8,3,A,11,2021-05-28 05:45:14.000,3974,3936,-10,0.46,0.00,1.75,33.28,3.6,5,0.00,,,,,,,,13
3429388396,9221,2021-05-28 06:00:02.000,8.7557591,47.2465057,549.1,3,A,25,2021-05-28 06:00:28.000,3974,3936,-9,0.07,0.00,1.11,40.96,11.7,4,0.00,,,,,,,,13
0743520131,9221,2021-05-28 06:15:02.000,8.7557137,47.2464173,554.2,3,A,36,2021-05-28 06:15:39.000,3979,3947,-5,0.04,199.88,0.36,9.73,2.4,5,0.00,,,,,,,,13
3192799590,9221,2021-05-28 06:30:01.000,8.7557423,47.2464109,560.1,3,A,23,2021-05-28 06:30:25.000,3979,3946,-1,0.13,0.00,0.76,12.54,2.2,5,0.00,,,,,,,,13
1518862022,9221,2021-05-28 06:45:01.000,8.7557247,47.2464140,564.2,3,A,34,2021-05-28 06:45:36.000,3979,3951,0,0.08,0.00,1.28,12.29,3.8,4,0.00,,,,,,,,13
1229712965,9221,2021-05-28 07:00:02.000,8.7556982,47.2464671,545.4,3,A,50,2021-05-28 07:00:53.000,3979,3956,1,0.17,0.00,1.28,23.30,4.7,4,0.00,,,,,,,,13
3695844458,9221,2021-05-28 07:15:01.000,8.7557299,47.2464145,569.1,3,A,17,2021-05-28 07:15:19.000,3984,3958,3,0.01,0.00,1.16,22.02,5.8,4,0.00,,,,,,,,13
1004379198,9221,2021-05-28 07:30:01.000,8.7557595,47.2465083,539.6,3,A,10,2021-05-28 07:30:12.000,3989,3967,7,0.52,0.00,1.73,25.60,8.0,4,0.00,,,,,,,,13
3454406782,9221,2021-05-28 07:45:02.000,8.7557710,47.2463135,577.4,3,A,13,2021-05-28 07:45:16.000,3996,3977,12,0.18,0.00,2.09,29.44,10.7,4,0.00,,,,,,,,13
0959863606,9221,2021-05-28 08:00:02.000,8.7557603,47.2463409,565.1,3,A,11,2021-05-28 08:00:14.000,3994,3980,17,0.44,0.00,2.04,26.11,11.6,4,0.00,,,,,,,,13
0911636538,9221,2021-05-28 08:15:02.000,8.7557673,47.2464248,565.3,3,A,12,2021-05-28 08:15:15.000,3990,3979,22,0.27,0.00,1.92,28.93,9.5,4,0.00,,,,,,,,13
0757754813,9221,2021-05-28 08:30:01.000,8.7558820,47.2463912,562.5,3,A,15,2021-05-28 08:30:17.000,3986,3979,26,0.46,0.00,2.23,48.13,6.8,4,0.00,,,,,,,,13
3694719703,9221,2021-05-28 08:45:01.000,8.7557084,47.2463833,550.4,3,A,21,2021-05-28 08:45:23.000,3984,3977,27,0.14,0.00,1.31,30.72,6.2,4,0.00,,,,,,,,13
0435854658,9221,2021-05-28 08:59:59.000,8.7556055,47.2464900,546.3,3,A,11,2021-05-28 09:00:12.000,3980,3974,33,0.13,0.00,1.33,46.59,6.1,4,0.00,,,,,,,,13
1895082000,9221,2021-05-28 09:15:01.000,8.7555740,47.2464063,541.8,3,A,15,2021-05-28 09:15:17.000,3977,3966,35,0.33,169.08,1.55,43.01,6.4,4,0.00,,,,,,,,13
1228811831,9221,2021-05-28 09:30:00.000,8.7557425,47.2465952,563.7,3,A,26,2021-05-28 09:30:27.000,3974,3968,37,1.07,117.31,4.25,71.42,7.0,4,0.00,,,,,,,,13
3995756770,9221,2021-05-28 09:45:00.000,8.7556826,47.2464135,560.1,3,A,36,2021-05-28 09:45:37.000,3969,3961,40,0.02,0.00,0.79,28.42,3.5,5,0.00,,,,,,,,13
0488961336,9221,2021-05-28 10:00:00.000,8.7557033,47.2464554,551.8,3,A,10,2021-05-28 10:00:11.000,3969,3961,39,0.04,0.00,2.74,34.56,18.2,4,0.00,,,,,,,,13
1440167832,9221,2021-05-28 10:15:00.000,8.7557337,47.2464756,542.8,3,A,27,2021-05-28 10:15:28.000,3969,3961,40,0.03,358.48,2.42,23.81,13.0,4,0.00,,,,,,,,13
3031280331,9221,2021-05-28 10:30:01.000,8.7557626,47.2464512,533.0,3,A,17,2021-05-28 10:30:19.000,3966,3956,44,0.01,0.00,1.63,10.75,7.6,4,0.00,,,,,,,,13
3632439592,9221,2021-05-28 10:45:00.000,8.7556619,47.2464771,553.2,3,A,20,2021-05-28 10:45:21.000,3963,3953,45,0.03,0.00,0.41,13.06,5.2,4,0.00,,,,,,,,13
3749736643,9221,2021-05-28 11:00:00.000,8.7556837,47.2464624,555.2,3,A,14,2021-05-28 11:00:15.000,3963,3956,45,0.37,0.00,1.88,26.37,4.2,4,0.00,,,,,,,,13
0494101828,9221,2021-05-28 11:15:00.000,8.7556145,47.2465032,564.0,3,A,35,2021-05-28 11:15:36.000,3961,3952,46,0.57,322.44,2.12,41.98,4.0,4,0.00,,,,,,,,13
3811953271,9221,2021-05-28 11:30:01.000,8.7557550,47.2464938,535.5,3,A,12,2021-05-28 11:30:14.000,3961,3951,45,0.09,0.00,0.65,24.32,4.2,4,0.00,,,,,,,,13
2323895202,9221,2021-05-28 11:45:01.000,8.7557261,47.2463544,564.9,3,A,7,2021-05-28 11:45:09.000,3961,3956,45,0.02,0.00,0.98,17.92,6.0,4,0.00,,,,,,,,13
1347438804,9221,2021-05-28 12:00:01.000,8.7557128,47.2464324,552.3,3,A,35,2021-05-28 12:00:37.000,3961,3951,45,0.01,0.00,0.49,12.80,4.6,5,0.00,,,,,,,,13
0703914478,9221,2021-05-28 12:15:01.000,8.7557610,47.2464279,551.7,3,A,10,2021-05-28 12:15:12.000,3958,3951,45,0.06,0.00,0.75,20.99,3.6,5,0.00,,,,,,,,13
3926470952,9221,2021-05-28 12:30:00.000,8.7557731,47.2464367,593.3,3,A,9,2021-05-28 12:30:11.000,3961,3956,44,0.05,0.00,2.27,15.10,7.1,4,0.00,,,,,,,,13
3171122645,9221,2021-05-28 12:45:02.000,8.7557833,47.2464224,571.3,3,A,60,2021-05-28 12:46:03.000,3969,3956,42,1.66,112.72,4.20,21.76,5.4,5,0.00,,,,,,,,13
2233399363,9221,2021-05-28 13:00:00.000,8.7557730,47.2464617,566.3,3,A,25,2021-05-28 13:00:26.000,3957,3951,48,0.01,0.00,1.83,16.90,7.4,5,0.00,,,,,,,,13
3267935184,9221,2021-05-28 13:15:01.000,8.7557432,47.2464485,546.1,3,A,11,2021-05-28 13:15:13.000,3961,3951,48,0.06,0.00,1.35,28.16,7.2,4,0.00,,,,,,,,13
3539029862,9221,2021-05-28 13:30:00.000,8.7557629,47.2464223,546.7,3,A,19,2021-05-28 13:30:20.000,3958,3951,46,0.05,142.21,1.69,37.89,6.0,4,0.00,,,,,,,,13
1334630801,9221,2021-05-28 13:45:01.000,8.7557701,47.2464168,559.2,3,A,10,2021-05-28 13:45:12.000,3961,3956,45,0.06,123.86,1.09,28.67,4.8,5,0.00,,,,,,,,13
0630831517,9221,2021-05-28 14:00:01.000,8.7556949,47.2464517,544.4,3,A,16,2021-05-28 14:00:18.000,3966,3956,43,0.04,131.73,1.41,47.36,5.9,5,0.00,,,,,,,,13
3179812424,9221,2021-05-28 14:15:01.000,8.7558060,47.2464122,557.0,3,A,23,2021-05-28 14:15:25.000,3966,3958,41,0.06,125.83,2.25,63.23,11.6,5,0.00,,,,,,,,13
2333174750,9221,2021-05-28 14:30:00.000,8.7558611,47.2463992,549.0,3,A,43,2021-05-28 14:30:44.000,3974,3966,36,0.31,274.60,1.66,20.48,5.0,6,0.00,,,,,,,,13
4076457782,9221,2021-05-28 14:45:02.000,8.7554321,47.2464707,546.9,3,A,22,2021-05-28 14:45:25.000,3981,3969,27,0.58,298.84,1.80,32.26,5.7,6,0.00,,,,,,,,13
2684727919,9221,2021-05-28 15:00:01.000,8.7550241,47.2466663,546.3,3,A,32,2021-05-28 15:00:34.000,3984,3966,23,0.40,302.12,3.67,89.86,21.3,4,0.00,,,,,,,,13
2718461760,9221,2021-05-28 15:15:01.000,8.7557384,47.2464617,553.2,3,A,48,2021-05-28 15:15:50.000,3994,3967,14,0.40,114.69,0.99,22.53,2.8,5,0.00,,,,,,,,13
0766307042,9221,2021-05-28 15:30:02.000,8.7557782,47.2463893,557.8,3,A,17,2021-05-28 15:30:20.000,3996,3974,7,0.21,0.00,0.81,15.87,2.8,5,0.00,,,,,,,,13
1698601052,9221,2021-05-28 15:45:02.000,8.7563007,47.2464205,628.8,3,A,22,2021-05-28 15:45:25.000,3999,3968,5,1.26,273.29,3.80,45.82,5.5,4,0.00,,,,,,,,13
3746518024,9221,2021-05-28 16:00:01.000,8.7557369,47.2464825,581.4,3,A,46,2021-05-28 16:00:47.000,3999,3974,4,0.04,0.00,3.21,16.13,23.3,4,0.00,,,,,,,,13
2559339100,9221,2021-05-28 16:15:01.000,8.7557225,47.2464728,585.2,3,A,16,2021-05-28 16:15:18.000,4001,3975,3,0.01,0.00,1.92,12.29,10.9,4,0.00,,,,,,,,13
1233569605,9221,2021-05-28 16:30:02.000,8.7556540,47.2465120,535.2,3,A,15,2021-05-28 16:30:18.000,4001,3974,2,0.13,0.00,1.27,13.82,5.2,4,0.00,,,,,,,,13
2460644788,9221,2021-05-28 16:45:02.000,8.7556415,47.2464993,531.8,3,A,40,2021-05-28 16:45:43.000,4003,3974,0,0.32,136.31,2.61,22.02,4.2,4,0.00,,,,,,,,13
3437406133,9221,2021-05-28 17:00:01.000,8.7558163,47.2464227,562.2,3,A,19,2021-05-28 17:00:21.000,4003,3974,-1,0.15,27.53,1.18,19.97,4.2,4,0.00,,,,,,,,13
0729870731,9221,2021-05-28 17:15:01.000,8.7558320,47.2464103,561.8,3,A,22,2021-05-28 17:15:24.000,3999,3969,-2,0.34,0.00,1.67,25.34,8.6,4,0.00,,,,,,,,13
1276669047,9221,2021-05-28 17:30:02.000,8.7557694,47.2464532,559.0,3,A,38,2021-05-28 17:30:41.000,3999,3974,-3,0.11,0.00,1.34,14.85,4.7,4,0.00,,,,,,,,13
2716517655,9221,2021-05-28 17:45:01.000,8.7557262,47.2464269,557.6,3,A,24,2021-05-28 17:45:26.000,4000,3974,-4,0.04,112.07,0.67,23.04,4.6,4,0.00,,,,,,,,13
0259445066,9221,2021-05-28 18:00:02.000,8.7557274,47.2463148,572.2,3,A,52,2021-05-28 18:00:55.000,3999,3963,-4,0.12,0.00,3.02,50.43,17.5,5,0.00,,,,,,,,13
2894704202,9221,2021-05-28 18:15:01.000,8.7556707,47.2462002,588.0,3,A,29,2021-05-28 18:15:31.000,3999,3961,-5,0.11,0.00,2.12,55.04,10.0,5,0.00,,,,,,,,13
4226119760,9221,2021-05-28 18:30:01.000,8.7558738,47.2464818,537.5,3,A,33,2021-05-28 18:30:35.000,3999,3958,-6,0.27,0.00,1.74,49.41,6.5,5,0.00,,,,,,,,13
1950617061,9221,2021-05-28 18:45:01.000,8.7557808,47.2464681,540.0,3,A,15,2021-05-28 18:45:17.000,3999,3961,-6,0.15,0.00,1.96,39.68,12.9,4,0.00,,,,,,,,13
3387758422,9221,2021-05-28 19:00:01.000,8.7558215,47.2464092,556.5,3,A,26,2021-05-28 19:00:28.000,3996,3974,-7,0.16,0.00,1.96,35.58,11.6,4,0.00,,,,,,,,13
1459926184,9221,2021-05-28 19:15:01.000,8.7556743,47.2464284,549.3,3,A,15,2021-05-28 19:15:17.000,3996,3966,-7,0.08,0.00,2.00,41.47,11.0,4,0.00,,,,,,,,13
1547137644,9221,2021-05-28 19:30:00.000,8.7554621,47.2465017,530.4,3,A,19,2021-05-28 19:30:21.000,3996,3963,-8,0.87,92.41,2.86,45.82,10.7,4,0.00,,,,,,,,13
0312963367,9221,2021-05-28 19:45:02.000,8.7553855,47.2465525,525.8,3,A,13,2021-05-28 19:45:16.000,3999,3961,-8,0.01,112.72,1.48,46.59,10.6,4,0.00,,,,,,,,13
2105431352,9221,2021-05-28 20:00:01.000,8.7555582,47.2465157,534.5,3,A,13,2021-05-28 20:00:15.000,3999,3966,-8,0.37,0.00,2.12,41.22,10.6,4,0.00,,,,,,,,13
2724504235,9221,2021-05-28 20:15:01.000,8.7557678,47.2464059,560.1,3,A,39,2021-05-28 20:15:41.000,3994,3966,-8,0.12,0.00,1.30,12.54,5.9,5,0.00,,,,,,,,13
3157821519,9221,2021-05-28 20:30:01.000,8.7555447,47.2465368,530.9,3,A,11,2021-05-28 20:30:13.000,3996,3963,-9,0.45,311.30,2.07,36.61,8.8,4,0.00,,,,,,,,13
2674917146,9221,2021-05-28 20:45:01.000,8.7557182,47.2464493,551.4,3,A,36,2021-05-28 20:45:38.000,3994,3963,-9,0.58,70.78,4.09,56.83,11.2,5,0.00,,,,,,,,13
0342296060,9221,2021-05-28 21:00:01.000,8.7557124,47.2464627,551.0,3,A,36,2021-05-28 21:00:38.000,3994,3961,-9,0.18,147.46,0.95,14.08,3.5,6,0.00,,,,,,,,13
3205723391,9221,2021-05-28 21:15:01.000,8.7557316,47.2464110,556.1,3,A,25,2021-05-28 21:15:27.000,3994,3956,-9,0.13,146.15,0.89,13.31,3.3,5,0.00,,,,,,,,13
1871630335,9221,2021-05-28 21:30:01.000,8.7557576,47.2464044,560.9,3,A,19,2021-05-28 21:30:21.000,3994,3961,-8,0.05,0.00,0.70,10.50,2.9,5,0.00,,,,,,,,13
0064380742,9221,2021-05-28 21:45:01.000,8.7557935,47.2464298,553.3,3,A,31,2021-05-28 21:45:33.000,3989,3961,-7,0.05,0.00,0.79,16.90,2.5,5,0.00,,,,,,,,13
1624538673,9221,2021-05-28 22:00:01.000,8.7557958,47.2464105,558.5,3,A,21,2021-05-28 22:00:23.000,3989,3961,-6,0.08,0.00,1.87,22.02,4.6,5,0.00,,,,,,,,13
0300701533,9221,2021-05-28 22:15:01.000,8.7557164,47.2464729,559.5,3,A,18,2021-05-28 22:15:20.000,3991,3956,-6,0.05,0.00,0.88,17.66,2.9,6,0.00,,,,,,,,13
1658305868,9221,2021-05-28 22:30:01.000,8.7557293,47.2464411,550.9,3,A,17,2021-05-28 22:30:19.000,3989,3956,-6,0.06,0.00,1.04,17.66,4.5,4,0.00,,,,,,,,13
0149852471,9221,2021-05-28 22:45:01.000,8.7557608,47.2464117,555.0,3,A,21,2021-05-28 22:45:23.000,3989,3961,-6,0.19,0.00,1.03,20.48,4.1,5,0.00,,,,,,,,13
0450134831,9221,2021-05-28 23:00:01.000,8.7556017,47.2465508,553.2,3,A,15,2021-05-28 23:00:17.000,3989,3961,-6,0.05,0.00,1.49,29.95,5.2,5,0.00,,,,,,,,13
1534440967,9221,2021-05-28 23:15:01.000,8.7559010,47.2463207,547.1,3,A,7,2021-05-28 23:15:09.000,3989,3961,-6,1.60,139.59,3.29,67.33,8.3,5,0.00,,,,,,,,13
3322600895,9221,2021-05-28 23:30:01.000,8.7556393,47.2465351,548.0,3,A,18,2021-05-28 23:30:20.000,3989,3956,-6,0.04,46.53,0.84,23.81,3.6,5,0.00,,,,,,,,13
0510838287,9221,2021-05-28 23:45:01.000,8.7556654,47.2465251,551.4,3,A,17,2021-05-28 23:45:19.000,3989,3958,-6,0.27,349.96,0.97,25.34,3.4,5,0.00,,,,,,,,13
2382135567,9221,2021-05-29 00:00:01.000,8.7556815,47.2464578,538.5,3,A,21,2021-05-29 00:00:23.000,3989,3961,-6,0.04,0.00,0.47,9.73,3.0,5,0.00,,,,,,,,13
4071828811,9221,2021-05-29 00:15:01.000,8.7556893,47.2464669,563.7,3,A,34,2021-05-29 00:15:36.000,3989,3956,-6,0.40,123.21,2.10,22.78,3.0,4,0.00,,,,,,,,13
0050364633,9221,2021-05-29 00:30:01.000,8.7556479,47.2464406,567.2,3,A,31,2021-05-29 00:30:33.000,3989,3958,-7,0.12,0.00,1.52,22.53,2.9,4,0.00,,,,,,,,13
3409470837,9221,2021-05-29 00:45:01.000,8.7555819,47.2462969,572.0,3,A,38,2021-05-29 00:45:40.000,3989,3956,-7,0.32,19.66,2.24,27.14,2.9,4,0.00,,,,,,,,13
3970182447,9221,2021-05-29 01:00:01.000,8.7554543,47.2462609,574.4,3,A,35,2021-05-29 01:00:37.000,3986,3946,-7,0.70,0.00,2.60,41.47,9.5,4,0.00,,,,,,,,13
0984091814,9221,2021-05-29 01:15:01.000,8.7557943,47.2464419,551.3,3,A,45,2021-05-29 01:15:47.000,3984,3951,-7,0.24,0.00,1.91,37.63,10.0,4,0.00,,,,,,,,13
2089608321,9221,2021-05-29 01:30:01.000,8.7555160,47.2465358,556.0,3,A,23,2021-05-29 01:30:25.000,3984,3951,-6,0.72,95.03,2.34,51.20,11.1,4,0.00,,,,,,,,13
3539901578,9221,2021-05-29 01:45:01.000,8.7558960,47.2464229,559.9,3,A,22,2021-05-29 01:45:24.000,3984,3951,-7,0.04,0.00,1.41,55.04,13.1,4,0.00,,,,,,,,13
0127383184,9221,2021-05-29 02:00:01.000,8.7557700,47.2464413,557.7,3,A,21,2021-05-29 02:00:23.000,3984,3956,-7,0.12,0.00,3.14,62.21,17.4,4,0.00,,,,,,,,13
2087163372,9221,2021-05-29 02:15:01.000,8.7556875,47.2465275,547.9,3,A,39,2021-05-29 02:15:41.000,3984,3948,-7,0.14,0.00,2.04,30.98,7.8,4,0.00,,,,,,,,13
2059927205,9221,2021-05-29 02:30:01.000,8.7556243,47.2465271,568.4,3,A,21,2021-05-29 02:30:23.000,3984,3948,-6,0.09,0.00,0.83,14.59,6.8,5,0.00,,,,,,,,13
3287675893,9221,2021-05-29 02:45:01.000,8.7557233,47.2463942,554.9,3,A,14,2021-05-29 02:45:16.000,3979,3951,-7,0.16,328.34,1.09,30.21,5.2,5,0.00,,,,,,,,13
2074675064,9221,2021-05-29 03:00:01.000,8.7556610,47.2464883,546.4,3,A,28,2021-05-29 03:00:30.000,3979,3951,-7,0.03,331.61,1.15,31.23,5.1,5,0.00,,,,,,,,13
1360538052,9221,2021-05-29 03:15:01.000,8.7557454,47.2463619,563.3,3,A,32,2021-05-29 03:15:34.000,3979,3948,-7,0.17,123.21,1.49,46.34,5.5,5,0.00,,,,,,,,13
2581725366,9221,2021-05-29 03:30:01.000,8.7557087,47.2465086,534.6,3,A,21,2021-05-29 03:30:23.000,3979,3942,-7,0.10,0.00,1.49,23.04,6.2,5,0.00,,,,,,,,13
0148956187,9221,2021-05-29 03:45:01.000,8.7558034,47.2463850,563.4,3,A,20,2021-05-29 03:45:22.000,3979,3944,-8,0.05,0.00,0.51,13.57,2.6,6,0.00,,,,,,,,13
0136210172,9221,2021-05-29 04:00:01.000,8.7557459,47.2463676,544.0,3,A,20,2021-05-29 04:00:22.000,3979,3939,-7,0.13,103.55,2.25,40.19,10.7,4,0.00,,,,,,,,13
3405112861,9221,2021-05-29 04:15:01.000,,,,0,D,150,,3979,3941,-7,,,,,,,0.00,,,,,,,,13
0042559485,9221,2021-05-29 04:30:01.000,,,,0,D,150,,3977,3929,-6,,,,,,,0.00,,,,,,,,13
1726414071,9221,2021-05-29 04:45:02.000,8.7556978,47.2464442,527.0,3,A,11,2021-05-29 04:45:14.000,3974,3946,-5,0.06,0.00,2.00,12.54,11.0,4,0.00,,,,,,,,13
4091821335,9221,2021-05-29 05:00:02.000,8.7556698,47.2464384,553.1,3,A,17,2021-05-29 05:00:20.000,3974,3941,-4,0.02,0.00,1.05,7.68,5.2,5,0.00,,,,,,,,13
3391874604,9221,2021-05-29 05:15:02.000,8.7557617,47.2463704,563.9,3,A,9,2021-05-29 05:15:12.000,3974,3941,-4,0.10,0.00,1.18,14.85,4.6,5,0.00,,,,,,,,13
3237279718,9221,2021-05-29 05:30:02.000,8.7558195,47.2463545,576.3,3,A,17,2021-05-29 05:30:20.000,3979,3944,-2,0.01,131.73,1.20,28.42,4.2,5,0.00,,,,,,,,13
0739087712,9221,2021-05-29 05:45:02.000,8.7561723,47.2461647,610.3,3,A,22,2021-05-29 05:45:25.000,3979,3956,-1,0.76,131.07,2.54,43.01,4.1,5,0.00,,,,,,,,13
4272185759,9221,2021-05-29 06:00:01.000,8.7557831,47.2463740,553.4,3,A,31,2021-05-29 06:00:33.000,3984,3956,-2,0.63,310.64,1.11,28.42,2.8,5,0.00,,,,,,,,13
0187985662,9221,2021-05-29 06:15:01.000,8.7556609,47.2464247,553.0,3,A,24,2021-05-29 06:15:26.000,3984,3956,0,0.52,113.38,2.06,31.49,3.3,4,0.00,,,,,,,,13
2973412893,9221,2021-05-29 06:30:02.000,8.7556787,47.2464614,559.8,3,A,67,2021-05-29 06:31:10.000,3986,3958,1,0.29,0.00,1.29,24.06,3.0,4,0.00,,,,,,,,13
1800838255,9221,2021-05-29 06:45:02.000,8.7556530,47.2464157,544.8,3,A,74,2021-05-29 06:46:17.000,3989,3961,3,0.47,13.11,2.22,25.86,3.7,4,0.00,,,,,,,,13
4146510229,9221,2021-05-29 07:00:01.000,8.7558000,47.2464340,558.9,3,A,24,2021-05-29 07:00:26.000,3994,3966,4,0.04,0.00,2.98,31.23,3.4,5,0.00,,,,,,,,13
3560557404,9221,2021-05-29 07:15:02.000,8.7556412,47.2464855,517.7,3,A,25,2021-05-29 07:15:28.000,3996,3974,6,0.01,0.00,1.68,24.32,6.3,4,0.00,,,,,,,,13
1987038010,9221,2021-05-29 07:30:02.000,8.7558348,47.2465046,549.2,3,A,31,2021-05-29 07:30:34.000,3999,3969,8,1.18,89.78,3.88,43.26,8.8,4,0.00,,,,,,,,13
3403383133,9221,2021-05-29 07:45:02.000,8.7554137,47.2467062,480.0,3,A,17,2021-05-29 07:45:20.000,3994,3977,14,0.26,326.37,2.71,40.70,11.2,4,0.00,,,,,,,,13
1861855627,9221,2021-05-29 08:00:01.000,,,,0,D,150,,3999,3974,12,,,,,,,0.00,,,,,,,,13
3256047148,9221,2021-05-29 08:15:02.000,8.7556641,47.2464566,545.8,3,A,77,2021-05-29 08:16:20.000,3986,3974,22,0.14,127.14,1.01,21.76,2.8,5,0.00,,,,,,,,13
1771572304,9221,2021-05-29 08:30:02.000,8.7557561,47.2463734,551.8,3,A,23,2021-05-29 08:30:26.000,3994,3974,15,0.39,165.81,1.09,11.52,2.5,6,0.00,,,,,,,,13
1719954371,9221,2021-05-29 08:45:02.000,8.7558536,47.2461803,553.5,3,A,14,2021-05-29 08:45:17.000,3999,3979,12,0.15,162.53,1.62,20.74,3.3,5,0.00,,,,,,,,13
2726426332,9221,2021-05-29 09:00:01.000,8.7558775,47.2460952,551.0,3,A,23,2021-05-29 09:00:25.000,3994,3984,14,1.13,0.00,4.63,80.38,19.4,4,0.00,,,,,,,,13
1992492749,9221,2021-05-29 09:15:01.000,8.7557571,47.2464855,532.3,3,A,36,2021-05-29 09:15:38.000,3996,3979,12,0.34,169.08,1.76,23.55,3.2,5,0.00,,,,,,,,13
3353242719,9221,2021-05-29 09:30:02.000,8.7557164,47.2463946,533.6,3,A,14,2021-05-29 09:30:17.000,3994,3984,14,0.24,0.00,1.65,23.04,7.3,4,0.00,,,,,,,,13
2800620642,9221,2021-05-29 09:45:01.000,8.7557669,47.2463110,546.8,3,A,15,2021-05-29 09:45:17.000,3995,3981,16,0.55,153.35,1.27,18.69,5.9,4,0.00,,,,,,,,13
1492490958,9221,2021-05-29 10:00:01.000,8.7557029,47.2463581,533.7,3,A,11,2021-05-29 10:00:13.000,3994,3979,18,0.41,119.93,1.28,18.43,5.3,4,0.00,,,,,,,,13
0322408104,9221,2021-05-29 10:15:00.000,,,,0,D,150,,3994,3968,14,,,,,,,0.00,,,,,,,,13
3071777235,9221,2021-05-29 10:30:01.000,8.7556407,47.2463450,530.9,3,A,45,2021-05-29 10:30:47.000,3994,3979,14,0.45,293.60,2.38,42.75,14.0,4,0.00,,,,,,,,13
0179001133,9221,2021-05-29 10:45:01.000,8.7557640,47.2463077,543.8,3,A,110,2021-05-29 10:46:51.000,3990,3984,17,0.02,110.76,0.76,4.35,4.0,5,0.00,,,,,,,,13
0797285828,9221,2021-05-29 11:00:01.000,8.7557788,47.2462808,548.0,3,A,10,2021-05-29 11:00:12.000,3989,3979,23,0.42,0.00,1.06,13.31,3.9,5,0.00,,,,,,,,13
0890753159,9221,2021-05-29 11:15:01.000,8.7556863,47.2463510,541.6,3,A,15,2021-05-29 11:15:17.000,3979,3974,30,0.23,0.00,1.20,44.54,3.8,5,0.00,,,,,,,,13
3988337926,9221,2021-05-29 11:30:01.000,8.7557820,47.2462675,548.9,3,A,15,2021-05-29 11:30:17.000,3984,3974,25,0.22,0.00,1.07,20.22,4.7,4,0.00,,,,,,,,13
2291402955,9221,2021-05-29 11:44:59.000,8.7558108,47.2461637,546.7,3,A,47,2021-05-29 11:45:48.000,3979,3974,30,0.67,171.05,5.74,84.74,8.8,4,0.00,,,,,,,,13
0734261695,9221,2021-05-29 12:00:02.000,8.7556202,47.2465773,519.7,3,A,14,2021-05-29 12:00:16.000,3986,3974,22,0.25,0.00,1.63,28.42,7.2,4,0.00,,,,,,,,13
4289235248,9221,2021-05-29 12:15:02.000,8.7549727,47.2468791,450.9,3,A,13,2021-05-29 12:15:16.000,3991,3977,17,0.22,0.00,1.56,23.30,6.8,4,0.00,,,,,,,,13
3322250966,9221,2021-05-29 12:30:02.000,8.7543271,47.2470261,390.2,3,A,10,2021-05-29 12:30:13.000,3989,3977,20,0.41,0.00,1.40,15.10,5.7,4,0.00,,,,,,,,13
1269315170,9221,2021-05-29 12:45:01.000,8.7544363,47.2468686,420.0,3,A,8,2021-05-29 12:45:10.000,3986,3974,20,0.08,0.00,1.11,12.29,4.9,4,0.00,,,,,,,,13
3138327431,9221,2021-05-29 13:00:01.000,8.7557424,47.2462984,540.0,3,A,58,2021-05-29 13:01:00.000,3989,3977,22,0.25,0.00,1.76,16.38,10.1,4,0.00,,,,,,,,13
3457115703,9221,2021-05-29 13:15:02.000,8.7557426,47.2463231,536.4,3,A,19,2021-05-29 13:15:22.000,3989,3981,21,0.21,142.87,1.64,23.81,6.6,4,0.00,,,,,,,,13
1105678855,9221,2021-05-29 13:30:01.000,8.7561922,47.2460119,618.7,3,A,26,2021-05-29 13:30:28.000,3977,3974,35,0.99,139.59,3.25,41.47,6.0,4,0.00,,,,,,,,13
4090624488,9221,2021-05-29 13:45:02.000,8.7557856,47.2462928,554.4,3,A,68,2021-05-29 13:46:11.000,3984,3974,25,0.58,322.44,1.13,11.78,6.3,4,0.00,,,,,,,,13
2033473790,9221,2021-05-29 13:59:59.000,8.7558075,47.2462795,560.6,3,A,37,2021-05-29 14:00:38.000,3974,3962,39,0.05,0.00,0.92,14.59,6.5,4,0.00,,,,,,,,13
2471188807,9221,2021-05-29 14:15:01.000,8.7558162,47.2463594,538.4,3,A,12,2021-05-29 14:15:14.000,3969,3963,39,0.14,0.00,1.92,27.39,5.3,4,0.00,,,,,,,,13
2128120805,9221,2021-05-29 14:30:02.000,8.7515855,47.2851081,552.6,3,A,27,2021-05-29 14:30:30.000,3986,3977,22,23.92,284.43,1.14,19.97,5.9,4,0.00,,,,,,,,13
3097239557,9221,2021-05-29 14:45:01.000,8.5831623,47.3510076,571.2,3,A,16,2021-05-29 14:45:18.000,3979,3963,29,7.40,287.05,2.46,49.66,9.7,4,0.00,,,,,,,,13
1277008837,9221,2021-05-29 15:00:02.000,,,,0,D,150,2021-05-29 15:02:32.000,3979,3958,27,,,,,,,0.00,,,,,,,,13
